0.32052
0.322076
0.345964
0.356894
0.360398
0.36046
0.367841
0.367916
0.368447
0.370735
0.371539
0.372012
0.372167
0.374101
0.377243
0.379671
0.380352
0.381322
0.382961
0.385275
0.386932
0.387615
0.389197
0.390187
0.391157
0.391243
0.392406
0.393442
0.393868
0.394872
0.396943
0.399287
0.39951
0.399799
0.400484
0.400678
0.401803
0.401862
0.402159
0.403061
0.403514
0.404231
0.406022
0.409765
0.410471
0.412032
0.413516
0.417622
0.417701
0.418042
0.418233
0.420265
0.420625
0.421447
0.422989
0.423843
0.424292
0.424735
0.424933
0.424972
0.42513
0.426142
0.426702
0.427432
0.427521
0.427595
0.428566
0.428799
0.429368
0.429534
0.429593
0.430975
0.431055
0.43123
0.431597
0.432001
0.432258
0.432404
0.432526
0.433214
0.433329
0.433572
0.433756
0.433839
0.434923
0.435788
0.436158
0.436291
0.436334
0.437114
0.437234
0.437636
0.437945
0.439649
0.440031
0.440926
0.441444
0.442362
0.443151
0.443676
0.444184
0.444433
0.444554
0.444615
0.444735
0.445326
0.445387
0.446433
0.447407
0.448532
0.448603
0.449192
0.449328
0.44985
0.450328
0.451102
0.451116
0.451137
0.451551
0.451692
0.451708
0.452129
0.452496
0.452826
0.453403
0.454505
0.45484
0.456053
0.456392
0.456429
0.456509
0.456857
0.456957
0.457072
0.457108
0.457827
0.458432
0.459157
0.459458
0.459595
0.459709
0.460145
0.46044
0.460834
0.461367
0.461929
0.462434
0.462732
0.46355
0.463634
0.463776
0.463823
0.463883
0.464
0.464157
0.464262
0.464507
0.464757
0.464934
0.465012
0.465677
0.465759
0.465792
0.466194
0.466536
0.467196
0.468286
0.468845
0.468904
0.468905
0.470158
0.470775
0.471402
0.471636
0.471767
0.472398
0.472562
0.473004
0.473089
0.473089
0.473319
0.473537
0.473732
0.474425
0.475017
0.475283
0.475344
0.475367
0.475659
0.475816
0.475834
0.475859
0.476368
0.476821
0.476889
0.477048
0.477112
0.477262
0.477345
0.477475
0.477779
0.477822
0.478093
0.478142
0.478306
0.478722
0.478915
0.479063
0.479737
0.479748
0.480665
0.481159
0.481296
0.481501
0.481904
0.481973
0.482095
0.482508
0.482694
0.482946
0.484051
0.484419
0.484463
0.485041
0.485425
0.486157
0.48652
0.486733
0.487335
0.48776
0.487804
0.487866
0.488494
0.488688
0.488725
0.489198
0.489481
0.489647
0.490406
0.490409
0.490695
0.49077
0.490912
0.491175
0.491203
0.491348
0.491501
0.492006
0.492253
0.492299
0.492765
0.492951
0.493351
0.493559
0.493935
0.49405
0.494374
0.494735
0.494822
0.495438
0.495492
0.495627
0.495633
0.496457
0.496581
0.496818
0.49696
0.498045
0.498614
0.498754
0.499807
0.500265
0.500488
0.500649
0.501
0.501024
0.501543
0.501833
0.5018629999999999
0.503091
0.503262
0.503352
0.503367
0.503403
0.503416
0.503678
0.50436
0.504571
0.505252
0.505314
0.5053530000000001
0.5054650000000001
0.505513
0.505537
0.505993
0.506042
0.506216
0.506796
0.506999
0.507674
0.508623
0.50867
0.509317
0.509796
0.510136
0.510277
0.511134
0.511895
0.512099
0.512238
0.512452
0.512587
0.512757
0.512809
0.5130710000000001
0.513342
0.513663
0.5139320000000001
0.514476
0.514517
0.514644
0.515249
0.515358
0.515756
0.516523
0.516633
0.516742
0.516909
0.517413
0.51764
0.517674
0.517683
0.517701
0.517802
0.518203
0.51845
0.518582
0.51885
0.519079
0.519431
0.519834
0.520225
0.520423
0.520478
0.520892
0.520895
0.520929
0.521914
0.5219240000000001
0.521953
0.522079
0.5223449999999999
0.52238
0.522826
0.522871
0.52291
0.524082
0.524112
0.524177
0.524668
0.52485
0.525589
0.525624
0.52649
0.526886
0.526952
0.527321
0.527397
0.527621
0.527691
0.5281709999999999
0.52874
0.529048
0.529372
0.529632
0.529752
0.529764
0.529793
0.530111
0.530464
0.530602
0.53115
0.531742
0.532315
0.53268
0.532713
0.532998
0.5332440000000001
0.533462
0.5342479999999999
0.5344100000000001
0.534738
0.5351900000000001
0.535406
0.535833
0.53623
0.537151
0.537305
0.538473
0.538615
0.53868
0.539524
0.539725
0.540037
0.5407
0.54104
0.54115
0.541891
0.541979
0.54212
0.542782
0.543906
0.544532
0.544673
0.544771
0.544967
0.5452090000000001
0.545485
0.545886
0.545929
0.546115
0.546131
0.546342
0.546507
0.547002
0.547183
0.547592
0.548276
0.548319
0.5486259999999999
0.548813
0.5494019999999999
0.549477
0.5497880000000001
0.55008
0.550678
0.5507840000000001
0.550806
0.551153
0.551204
0.551335
0.5518420000000001
0.552285
0.552643
0.553359
0.553607
0.553656
0.553822
0.554303
0.554376
0.554532
0.554592
0.55465
0.55563
0.556099
0.557234
0.557355
0.557661
0.5581199999999999
0.558307
0.5585059999999999
0.558779
0.559622
0.55994
0.559998
0.560147
0.5603320000000001
0.560795
0.5616679999999999
0.5621429999999999
0.562706
0.5630039999999999
0.563099
0.56338
0.563383
0.563881
0.564205
0.564778
0.5647990000000001
0.565167
0.565362
0.565587
0.565858
0.5658879999999999
0.566098
0.566488
0.566504
0.567298
0.567596
0.567694
0.567727
0.567919
0.568842
0.569475
0.570448
0.570995
0.571302
0.5716329999999999
0.57172
0.572515
0.572672
0.573317
0.5736019999999999
0.574147
0.574234
0.574572
0.576066
0.576749
0.577063
0.577515
0.578118
0.5794
0.579804
0.580448
0.580614
0.581257
0.582499
0.583132
0.5834510000000001
0.584221
0.584743
0.585609
0.58579
0.586028
0.586224
0.586467
0.58648
0.586545
0.587016
0.58718
0.58726
0.587411
0.58758
0.587696
0.587736
0.5880300000000001
0.588303
0.588649
0.589105
0.589207
0.589289
0.5893
0.589469
0.589745
0.589747
0.5901420000000001
0.590468
0.590677
0.5913389999999999
0.5916439999999999
0.59174
0.592067
0.592943
0.593047
0.593328
0.593938
0.594033
0.5945549999999999
0.595351
0.595592
0.59609
0.596112
0.596321
0.596506
0.596716
0.596877
0.596984
0.597036
0.59745
0.597529
0.597891
0.599375
0.600538
0.600826
0.601082
0.601092
0.601549
0.60167
0.601789
0.6021919999999999
0.602359
0.6027670000000001
0.603033
0.603311
0.6033500000000001
0.6047979999999999
0.60509
0.605221
0.6053269999999999
0.606028
0.606083
0.607451
0.6074619999999999
0.607672
0.608022
0.608225
0.608358
0.608415
0.608536
0.608789
0.609004
0.6095970000000001
0.610275
0.610606
0.611374
0.6113960000000001
0.611504
0.6117089999999999
0.612123
0.612585
0.61298
0.613142
0.6132339999999999
0.61397
0.614673
0.6152030000000001
0.615258
0.615826
0.616169
0.616185
0.61625
0.6162840000000001
0.616336
0.616337
0.616961
0.617134
0.618156
0.618312
0.619239
0.619418
0.619435
0.619829
0.62025
0.620312
0.6203149999999999
0.620579
0.620743
0.620835
0.621011
0.6213689999999999
0.6214190000000001
0.621784
0.622242
0.622319
0.622376
0.623189
0.623586
0.62363
0.623768
0.623902
0.625028
0.625039
0.625111
0.625651
0.626283
0.62643
0.626557
0.62661
0.626644
0.627906
0.62806
0.628719
0.629286
0.62964
0.630514
0.6318820000000001
0.632489
0.632815
0.633973
0.634414
0.63483
0.634898
0.634993
0.6355420000000001
0.636356
0.636975
0.637222
0.637472
0.638703
0.638706
0.638821
0.639289
0.64054
0.640917
0.641391
0.641601
0.642626
0.644658
0.64468
0.644849
0.645294
0.645682
0.645832
0.647628
0.647818
0.648007
0.648044
0.648142
0.648154
0.648634
0.648773
0.648937
0.649375
0.650075
0.650249
0.6506999999999999
0.651126
0.65122
0.651733
0.6520049999999999
0.652374
0.652725
0.6530820000000001
0.654421
0.654489
0.65467
0.655106
0.655216
0.655336
0.655905
0.656605
0.657147
0.657613
0.6576149999999999
0.657674
0.657981
0.658923
0.659315
0.6602710000000001
0.66046
0.660969
0.661697
0.661996
0.66266
0.662918
0.663944
0.664006
0.664297
0.665365
0.665933
0.666058
0.666472
0.666606
0.666689
0.667476
0.667526
0.668091
0.668803
0.669066
0.669492
0.670072
0.67017
0.670258
0.6707649999999999
0.671218
0.671529
0.671706
0.671924
0.67231
0.672662
0.67364
0.673662
0.674367
0.67441
0.675194
0.676448
0.676857
0.67711
0.677544
0.678017
0.678047
0.678484
0.678794
0.679037
0.680263
0.680504
0.6809730000000001
0.681287
0.68144
0.6816719999999999
0.68228
0.682368
0.682809
0.684036
0.684346
0.684483
0.68482
0.686169
0.686585
0.688569
0.688713
0.689064
0.689154
0.690406
0.690574
0.691598
0.691753
0.691936
0.692759
0.693964
0.694022
0.6941040000000001
0.694389
0.694859
0.695118
0.695252
0.695257
0.69552
0.695746
0.696323
0.69654
0.696685
0.696788
0.697304
0.697978
0.698807
0.699078
0.700635
0.700647
0.700993
0.701025
0.701938
0.70226
0.702515
0.702773
0.703141
0.703923
0.7042079999999999
0.705599
0.706101
0.706247
0.70689
0.708857
0.709122
0.709429
0.7105399999999999
0.7109799999999999
0.711237
0.711436
0.712305
0.712357
0.712679
0.7127
0.713056
0.713476
0.713935
0.714591
0.714666
0.714973
0.715181
0.716009
0.716152
0.7164970000000001
0.717394
0.717403
0.717472
0.717823
0.7179450000000001
0.71804
0.718311
0.719762
0.720064
0.720344
0.7206979999999999
0.720965
0.721705
0.721965
0.7223619999999999
0.722921
0.723616
0.723629
0.723729
0.72387
0.724491
0.724779
0.724997
0.725005
0.725465
0.725873
0.725983
0.72638
0.726909
0.728171
0.7281840000000001
0.728301
0.728361
0.7285509999999999
0.728806
0.729226
0.729317
0.729775
0.729858
0.729894
0.72997
0.730091
0.730866
0.731454
0.731915
0.731965
0.732348
0.73314
0.733721
0.734172
0.734189
0.734592
0.734921
0.735076
0.735171
0.735403
0.735599
0.73603
0.736206
0.736553
0.736715
0.736772
0.737022
0.738551
0.7390370000000001
0.739413
0.739947
0.740416
0.740774
0.741045
0.7410949999999999
0.742272
0.742802
0.743044
0.74376
0.743997
0.744414
0.744789
0.746426
0.74859
0.749734
0.750247
0.751068
0.752363
0.752482
0.752547
0.752922
0.753075
0.753975
0.75409
0.754215
0.754264
0.754616
0.7549169999999999
0.75519
0.755638
0.756226
0.757065
0.757324
0.757463
0.760732
0.7610479999999999
0.761058
0.761441
0.762459
0.762647
0.762781
0.762856
0.763006
0.7635729999999999
0.763965
0.764717
0.765049
0.765741
0.7660360000000001
0.766451
0.766694
0.767099
0.767136
0.768539
0.768751
0.769184
0.769465
0.770007
0.770329
0.770618
0.771684
0.772481
0.772745
0.773084
0.77347
0.773506
0.773608
0.773894
0.774215
0.774869
0.775657
0.775859
0.7773099999999999
0.7776459999999999
0.778464
0.778536
0.779899
0.780105
0.7807229999999999
0.780823
0.781447
0.7816
0.782038
0.782202
0.783184
0.783273
0.783498
0.783523
0.7836419999999999
0.78421
0.78431
0.784374
0.784532
0.784689
0.784852
0.784915
0.7849739999999999
0.78504
0.788338
0.789299
0.791434
0.7929079999999999
0.793359
0.7954909999999999
0.7959000000000001
0.79614
0.796396
0.796546
0.797397
0.79808
0.798646
0.798682
0.800114
0.8009849999999999
0.800999
0.801267
0.801806
0.803419
0.803484
0.8045060000000001
0.804575
0.804817
0.805248
0.805737
0.806113
0.806384
0.806396
0.806435
0.806565
0.807194
0.807727
0.807793
0.808263
0.809215
0.809356
0.809612
0.809897
0.810974
0.811705
0.8119459999999999
0.812936
0.813107
0.814213
0.814831
0.815682
0.815944
0.816283
0.816843
0.816925
0.816981
0.818454
0.8186059999999999
0.819371
0.8195789999999999
0.819644
0.819802
0.820272
0.820603
0.821428
0.8219070000000001
0.82392
0.824142
0.82444
0.824658
0.825267
0.826402
0.8269879999999999
0.827376
0.82748
0.828283
0.828346
0.8294240000000001
0.830106
0.830944
0.831689
0.831828
0.831847
0.833107
0.83391
0.834037
0.835043
0.835284
0.8357329999999999
0.8357869999999999
0.837004
0.83711
0.83744
0.838215
0.839418
0.839782
0.841768
0.842044
0.842186
0.843206
0.843224
0.843807
0.844285
0.844658
0.846024
0.846222
0.846254
0.846261
0.846326
0.846442
0.847441
0.847932
0.848278
0.848297
0.848998
0.849787
0.850173
0.850346
0.85051
0.850599
0.850983
0.851021
0.851104
0.851133
0.851509
0.851793
0.851836
0.852791
0.8530219999999999
0.8533230000000001
0.8535199999999999
0.853618
0.8541609999999999
0.854282
0.854382
0.8557439999999999
0.855951
0.856522
0.8568480000000001
0.857671
0.858613
0.859367
0.859959
0.860272
0.8603
0.860654
0.86153
0.861768
0.861837
0.862042
0.862102
0.862335
0.863298
0.86428
0.864429
0.865276
0.866279
0.866366
0.867146
0.867999
0.869883
0.869893
0.870067
0.870345
0.870675
0.870901
0.871015
0.871485
0.872207
0.872368
0.872744
0.87307
0.873301
0.873718
0.874104
0.874434
0.874719
0.875088
0.875611
0.876672
0.8769940000000001
0.877217
0.878393
0.878455
0.878733
0.878847
0.8788589999999999
0.8792140000000001
0.879481
0.880948
0.881071
0.881675
0.88287
0.882964
0.884134
0.884184
0.884731
0.885494
0.8862910000000001
0.8898509999999999
0.889957
0.89033
0.891751
0.8926500000000001
0.895479
0.8957310000000001
0.895808
0.896702
0.897605
0.897637
0.897916
0.898141
0.898284
0.899554
0.900806
0.901217
0.901357
0.901587
0.901613
0.901709
0.901792
0.901823
0.902413
0.902627
0.904031
0.904604
0.905185
0.905432
0.907209
0.909022
0.909321
0.909362
0.909504
0.910612
0.910627
0.911798
0.911904
0.912076
0.91271
0.913631
0.913905
0.914179
0.914554
0.914647
0.914975
0.915386
0.915411
0.916299
0.916658
0.916969
0.920516
0.920561
0.92119
0.9212320000000001
0.9215410000000001
0.921607
0.922029
0.922071
0.922824
0.922903
0.923713
0.923725
0.924517
0.925001
0.9250660000000001
0.92622
0.926512
0.926623
0.926876
0.92698
0.927796
0.9284790000000001
0.928903
0.929557
0.929647
0.929648
0.929803
0.930261
0.93048
0.93103
0.932407
0.932655
0.933064
0.933457
0.933537
0.934295
0.9343320000000001
0.934727
0.934791
0.935205
0.935425
0.936063
0.936198
0.936961
0.937194
0.937256
0.9374
0.937503
0.938571
0.938914
0.939125
0.939628
0.9407180000000001
0.940916
0.940986
0.941053
0.942373
0.943315
0.9436
0.944347
0.944865
0.945597
0.945655
0.9457680000000001
0.945877
0.9460460000000001
0.946478
0.948003
0.94834
0.948735
0.9490459999999999
0.950101
0.9505400000000001
0.9505940000000001
0.951489
0.951813
0.951932
0.9533700000000001
0.953414
0.954249
0.95677
0.957066
0.957222
0.958168
0.958171
0.958627
0.958808
0.959381
0.959643
0.96011
0.960144
0.9602270000000001
0.960402
0.9611960000000001
0.961291
0.961508
0.961638
0.962024
0.962136
0.9624470000000001
0.9625320000000001
0.962898
0.9629180000000001
0.963127
0.963283
0.963329
0.963623
0.963996
0.964016
0.96505
0.965065
0.966055
0.966213
0.966376
0.96645
0.96656
0.966681
0.967359
0.967405
0.967453
0.967576
0.968004
0.96806
0.968135
0.968295
0.968631
0.96909
0.9691380000000001
0.9695279999999999
0.969988
0.970024
0.970265
0.97049
0.971584
0.971607
0.971909
0.972158
0.972282
0.972397
0.972533
0.972726
0.972952
0.973592
0.973612
0.974263
0.97499
0.975393
0.975467
0.975638
0.975846
0.977726
0.977753
0.97828
0.979015
0.979204
0.979585
0.980069
0.980755
0.981015
0.981429
0.981878
0.98216
0.982936
0.983295
0.983661
0.983965
0.984108
0.984496
0.984521
0.984548
0.984781
0.98548
0.985782
0.987802
0.988565
0.989255
0.989497
0.990055
0.991204
0.991544
0.991708
0.991753
0.991872
0.991988
0.99212
0.992193
0.992953
0.992991
0.99447
0.994673
0.994742
0.995175
0.996264
0.997282
0.997577
0.998173
0.999009
0.999101
0.9993649999999999
1.00074
1.00076
1.00166
1.00188
1.00208
1.0024
1.00243
1.00317
1.00361
1.00374
1.00408
1.00477
1.00512
1.00563
1.00626
1.00644
1.00652
1.00734
1.0074
1.00785
1.00799
1.00818
1.00832
1.01001
1.01166
1.01239
1.013
1.01315
1.01337
1.01366
1.01375
1.01409
1.01488
1.01491
1.0152
1.01524
1.01587
1.01634
1.01679
1.01718
1.01817
1.01883
1.01919
1.0195
1.02014
1.02075
1.02078
1.02115
1.02153
1.02166
1.02205
1.02235
1.02255
1.0226
1.02321
1.02379
1.02402
1.0248
1.02528
1.02566
1.02584
1.02625
1.02638
1.03035
1.03071
1.03106
1.03136
1.03142
1.03206
1.03219
1.03431
1.03494
1.03513
1.03555
1.03607
1.03651
1.03712
1.03777
1.03798
1.03864
1.03869
1.03911
1.03923
1.03948
1.04022
1.04101
1.04139
1.04154
1.04197
1.04203
1.04236
1.04287
1.043
1.04423
1.04446
1.04582
1.04611
1.0471
1.0473
1.04765
1.04785
1.04786
1.04815
1.04847
1.04925
1.04937
1.04976
1.04982
1.05039
1.05084
1.05201
1.05205
1.05225
1.05265
1.05281
1.05305
1.05308
1.05408
1.05468
1.05511
1.05628
1.05629
1.05677
1.0569
1.05779
1.05833
1.05841
1.05876
1.05979
1.05998
1.06024
1.06097
1.06111
1.06147
1.06202
1.06272
1.06289
1.06302
1.06312
1.06332
1.0637
1.06534
1.06551
1.06665
1.06693
1.06787
1.06824
1.06894
1.06901
1.06919
1.06935
1.06937
1.06949
1.07053
1.07057
1.07075
1.07159
1.07174
1.07183
1.07216
1.07229
1.07292
1.07342
1.07352
1.07387
1.07477
1.07539
1.07775
1.07855
1.07858
1.07905
1.07912
1.0799
1.08154
1.08215
1.08301
1.08338
1.08378
1.08386
1.08548
1.08553
1.08595
1.08641
1.08702
1.08722
1.08768
1.08794
1.08794
1.08795
1.0881
1.08845
1.08942
1.08997
1.09091
1.09175
1.09187
1.09264
1.09268
1.09311
1.09354
1.09388
1.09392
1.09402
1.09402
1.0941
1.09442
1.09488
1.09523
1.09613
1.09628
1.0964
1.0967
1.09804
1.09817
1.09912
1.0995
1.10019
1.10022
1.10123
1.10137
1.10143
1.10152
1.1016
1.10192
1.10257
1.1031
1.1032
1.10365
1.10456
1.10485
1.10494
1.10507
1.10511
1.10535
1.10539
1.10597
1.10656
1.10674
1.10801
1.10824
1.10831
1.10843
1.10877
1.10879
1.1093
1.10978
1.11026
1.11043
1.11061
1.11091
1.11178
1.11197
1.11287
1.11381
1.11388
1.11438
1.11452
1.11526
1.11552
1.11595
1.11636
1.11655
1.1173
1.11753
1.11768
1.1186
1.11901
1.11915
1.12024
1.12029
1.12039
1.12043
1.12202
1.12342
1.12354
1.12359
1.12369
1.1247
1.12526
1.12572
1.12579
1.12607
1.12641
1.1275
1.12795
1.12795
1.12824
1.12876
1.12896
1.12925
1.1293
1.12952
1.12952
1.13058
1.13106
1.13112
1.13113
1.13134
1.13139
1.13149
1.13206
1.13206
1.13207
1.13213
1.13247
1.13255
1.13298
1.133
1.13315
1.13347
1.13357
1.1338
1.13578
1.1363
1.13684
1.13751
1.13754
1.1377
1.13846
1.13881
1.13902
1.13934
1.13944
1.13948
1.13959
1.14006
1.14062
1.14098
1.14155
1.14165
1.14177
1.14385
1.14477
1.14596
1.14625
1.14627
1.14676
1.14678
1.14684
1.14779
1.14788
1.14792
1.14807
1.14851
1.14892
1.1494
1.14974
1.15027
1.15032
1.15099
1.15159
1.1517
1.15174
1.15451
1.15494
1.15511
1.15548
1.1555
1.15559
1.15572
1.156
1.15717
1.15749
1.15817
1.15848
1.15902
1.16029
1.161
1.1617
1.16187
1.1631
1.16343
1.16347
1.16355
1.16363
1.16398
1.16423
1.16542
1.16543
1.16579
1.16609
1.16622
1.16673
1.16698
1.16705
1.16744
1.16804
1.16805
1.16963
1.16978
1.17041
1.17056
1.17159
1.17204
1.17211
1.17216
1.1739
1.17441
1.17462
1.17471
1.17485
1.17503
1.17542
1.17551
1.17572
1.17584
1.17701
1.17711
1.1774
1.17746
1.17823
1.17841
1.17888
1.17922
1.17927
1.17992
1.18031
1.1806
1.18123
1.18136
1.1825
1.18274
1.18314
1.18374
1.18399
1.18432
1.18524
1.18527
1.1853
1.18537
1.18541
1.18544
1.18554
1.1861
1.18615
1.1865
1.18712
1.18816
1.1882
1.18829
1.18894
1.18984
1.19
1.1902
1.19088
1.19121
1.19144
1.19168
1.19176
1.1924
1.19253
1.19259
1.1926
1.19284
1.19301
1.19381
1.19398
1.19415
1.19435
1.19438
1.19478
1.19517
1.19519
1.19541
1.19578
1.19664
1.19722
1.19777
1.19882
1.19891
1.19893
1.19959
1.19971
1.19981
1.19984
1.20045
1.20051
1.20147
1.20151
1.20266
1.20278
1.20364
1.20498
1.20607
1.20647
1.2072
1.20806
1.20933
1.20938
1.21115
1.21119
1.21124
1.21163
1.21177
1.21219
1.21236
1.21282
1.2131
1.21461
1.21463
1.21472
1.21537
1.21733
1.21929
1.21949
1.2201
1.22087
1.22103
1.22121
1.22131
1.2225
1.22255
1.22328
1.2241
1.22453
1.22497
1.22498
1.22508
1.22531
1.22537
1.22578
1.22617
1.22619
1.22735
1.22748
1.22761
1.22892
1.22893
1.22914
1.22926
1.22952
1.22967
1.23001
1.23005
1.23015
1.23019
1.23042
1.23069
1.23135
1.23151
1.23159
1.23186
1.23318
1.23358
1.2336
1.23366
1.23427
1.23487
1.23557
1.23559
1.23609
1.23644
1.23672
1.23748
1.23773
1.23788
1.23802
1.2385
1.23857
1.23914
1.23926
1.23937
1.23951
1.24003
1.24017
1.24028
1.2403
1.24108
1.24135
1.24139
1.24157
1.24172
1.24235
1.24274
1.24296
1.24314
1.24334
1.24341
1.24367
1.24419
1.24426
1.24495
1.24558
1.24596
1.24641
1.24659
1.24667
1.2483
1.24882
1.24893
1.24925
1.24948
1.24991
1.2504
1.25106
1.25138
1.25197
1.25212
1.25216
1.25255
1.25263
1.2527
1.25301
1.25309
1.25328
1.25336
1.25366
1.2538
1.25384
1.25403
1.25462
1.25482
1.25504
1.25602
1.25618
1.25647
1.25663
1.25671
1.25677
1.25694
1.25776
1.25783
1.25787
1.25809
1.25834
1.25844
1.25859
1.25873
1.25889
1.25896
1.25908
1.26004
1.26183
1.262
1.26207
1.26233
1.2626
1.26339
1.2638
1.26423
1.26449
1.26462
1.26507
1.2655
1.26563
1.26666
1.26677
1.26724
1.2674
1.26758
1.26759
1.26766
1.26813
1.26896
1.26898
1.26918
1.26974
1.27041
1.27084
1.27213
1.27252
1.2726
1.27369
1.27372
1.27405
1.27421
1.27422
1.27428
1.27429
1.275
1.27536
1.27564
1.27568
1.27582
1.27602
1.27607
1.27611
1.2763
1.27719
1.27722
1.27729
1.27735
1.27749
1.27802
1.27854
1.27866
1.27896
1.27921
1.2796
1.27999
1.27999
1.28003
1.28067
1.28071
1.28102
1.28127
1.28128
1.28133
1.28177
1.28222
1.28235
1.28262
1.283
1.28305
1.28312
1.28329
1.28385
1.28387
1.28413
1.2846
1.2848
1.28537
1.28542
1.28552
1.28597
1.28659
1.28683
1.28703
1.28776
1.28895
1.28901
1.28915
1.28917
1.28948
1.28959
1.29032
1.29072
1.29099
1.29119
1.29205
1.29317
1.29318
1.29381
1.29407
1.29438
1.29441
1.29441
1.2949
1.29492
1.29611
1.29659
1.2966
1.29687
1.29703
1.2975
1.29767
1.29785
1.29797
1.29799
1.29877
1.29881
1.29928
1.29955
1.29957
1.30024
1.30063
1.30066
1.30096
1.30147
1.30204
1.30211
1.30332
1.30372
1.3041
1.30427
1.30451
1.30531
1.30566
1.30603
1.30649
1.30655
1.30671
1.30674
1.30688
1.30702
1.30731
1.30766
1.30768
1.30823
1.30881
1.30893
1.30918
1.30944
1.30968
1.30993
1.31056
1.31092
1.31151
1.31153
1.31154
1.31224
1.3128
1.31313
1.31342
1.31459
1.3149
1.31522
1.31524
1.31616
1.31666
1.31667
1.31699
1.31723
1.31742
1.31754
1.31781
1.31836
1.31849
1.31852
1.31874
1.31878
1.31943
1.31973
1.31985
1.32062
1.32107
1.32223
1.32225
1.32234
1.32246
1.3228
1.3229
1.32293
1.32305
1.32323
1.3236
1.32385
1.32399
1.32442
1.32466
1.32479
1.32512
1.32522
1.32589
1.32621
1.32706
1.32766
1.32784
1.32813
1.32904
1.32976
1.32992
1.32997
1.33019
1.33059
1.33176
1.33196
1.33231
1.33338
1.33374
1.3345
1.33473
1.33517
1.33533
1.33573
1.33679
1.33682
1.33698
1.33782
1.33791
1.33915
1.33938
1.33954
1.34046
1.34052
1.34095
1.34109
1.34125
1.34177
1.34183
1.34308
1.34321
1.34336
1.34339
1.34342
1.34448
1.3451
1.34554
1.34576
1.3471
1.34747
1.34771
1.34782
1.34796
1.34804
1.34894
1.34952
1.34953
1.3499
1.35051
1.35071
1.35089
1.35092
1.35165
1.35178
1.35317
1.35343
1.35354
1.35406
1.35449
1.35453
1.35541
1.35559
1.3558
1.35609
1.35612
1.35649
1.35669
1.35675
1.35676
1.3569
1.35703
1.35728
1.35828
1.35919
1.35935
1.35971
1.35992
1.36022
1.36063
1.36073
1.36086
1.36148
1.36178
1.36183
1.36206
1.36258
1.36263
1.36274
1.3628
1.3631
1.36311
1.36358
1.36364
1.36367
1.36401
1.3641
1.36428
1.3643
1.36485
1.36489
1.36501
1.36508
1.36535
1.36554
1.36563
1.36578
1.36607
1.36625
1.36656
1.36678
1.36692
1.3672
1.36725
1.36794
1.36807
1.36815
1.36856
1.3691
1.36932
1.36946
1.36962
1.36966
1.37008
1.37064
1.37156
1.37203
1.37217
1.37232
1.37246
1.37249
1.37291
1.37346
1.37352
1.37472
1.37531
1.37587
1.37603
1.37613
1.37635
1.37635
1.37653
1.37666
1.37742
1.37771
1.37772
1.37804
1.37818
1.37818
1.37824
1.37841
1.37853
1.37867
1.37869
1.37888
1.37891
1.37906
1.37957
1.38
1.38013
1.38032
1.38076
1.38125
1.38204
1.38226
1.38228
1.38235
1.38239
1.3825
1.38278
1.38292
1.38314
1.38318
1.38376
1.38395
1.38425
1.38442
1.38448
1.38469
1.3847
1.38485
1.38489
1.385
1.38501
1.38553
1.38562
1.38591
1.3872
1.38741
1.38741
1.38769
1.38774
1.38775
1.38781
1.38783
1.38802
1.38814
1.3882
1.38871
1.38979
1.38981
1.38996
1.38996
1.39056
1.39066
1.39136
1.39202
1.39266
1.39283
1.39301
1.39303
1.39314
1.39317
1.39322
1.39472
1.39522
1.39648
1.39674
1.39689
1.39699
1.39723
1.39757
1.39781
1.39785
1.39786
1.39822
1.39836
1.39857
1.39903
1.39928
1.39991
1.40013
1.4002
1.4002
1.40047
1.40087
1.40169
1.40173
1.40246
1.40271
1.40321
1.40371
1.40373
1.40399
1.40488
1.40502
1.40529
1.40564
1.40601
1.40608
1.40629
1.40658
1.40659
1.40667
1.4067
1.40679
1.40731
1.40838
1.40859
1.40872
1.40916
1.41011
1.41021
1.4104
1.41072
1.41105
1.41111
1.41179
1.41183
1.41239
1.41294
1.41306
1.41434
1.41455
1.41515
1.41558
1.41566
1.41587
1.41594
1.41605
1.41607
1.41614
1.41642
1.41669
1.417
1.41718
1.41751
1.41857
1.41881
1.41907
1.4193
1.42029
1.42106
1.42116
1.42166
1.42167
1.42269
1.42313
1.42374
1.42393
1.42395
1.42401
1.42428
1.42464
1.42471
1.42505
1.42542
1.42559
1.42586
1.42655
1.4275
1.42753
1.42757
1.428
1.42803
1.42807
1.42822
1.42862
1.42876
1.42897
1.42909
1.4292
1.42946
1.42958
1.4296
1.42962
1.42962
1.42988
1.43006
1.43007
1.43011
1.4306
1.43067
1.4308
1.43114
1.43115
1.43125
1.43126
1.43215
1.43254
1.43267
1.43279
1.43338
1.43352
1.43352
1.43361
1.4337
1.43373
1.43404
1.43415
1.43451
1.4352
1.43561
1.43562
1.43584
1.43597
1.4367
1.43689
1.43706
1.4371
1.43743
1.43746
1.43752
1.4376
1.4378
1.43805
1.4381
1.43878
1.43902
1.43909
1.43924
1.43964
1.43977
1.43989
1.44033
1.44043
1.4406
1.44083
1.44141
1.44154
1.44187
1.44192
1.44227
1.44229
1.44258
1.44281
1.44288
1.44295
1.44333
1.44363
1.44564
1.44587
1.44587
1.446
1.44602
1.44769
1.44771
1.44781
1.44793
1.44832
1.44843
1.4492
1.44921
1.44947
1.45095
1.45124
1.45126
1.45176
1.45238
1.4529
1.45297
1.45304
1.4546
1.45469
1.45487
1.45541
1.45558
1.4561
1.45632
1.45642
1.45643
1.45675
1.45685
1.45703
1.45716
1.45792
1.45813
1.45818
1.45823
1.45855
1.4586
1.45913
1.45916
1.45916
1.45967
1.45969
1.45996
1.46018
1.46038
1.46048
1.46072
1.46091
1.46258
1.46275
1.46277
1.4637
1.4649
1.46524
1.46528
1.46565
1.46609
1.46635
1.46649
1.46676
1.467
1.46718
1.46727
1.46732
1.46755
1.46758
1.46765
1.46806
1.46832
1.46845
1.4685
1.46882
1.46885
1.46886
1.46894
1.46899
1.46921
1.47041
1.47073
1.47125
1.47181
1.47191
1.47191
1.47206
1.47228
1.47305
1.47331
1.4739
1.47428
1.4744
1.47466
1.4747
1.47498
1.47549
1.47554
1.47561
1.47587
1.4759
1.47592
1.47687
1.47732
1.47743
1.47749
1.47785
1.47798
1.47804
1.47806
1.47817
1.47842
1.47862
1.47885
1.47895
1.47904
1.47939
1.47942
1.47957
1.4801
1.48069
1.48184
1.4819
1.48191
1.48202
1.48205
1.48226
1.48264
1.48283
1.48347
1.48404
1.48436
1.4846
1.48527
1.4856
1.4862
1.48665
1.4867
1.48673
1.48711
1.48739
1.48861
1.4887
1.48894
1.48898
1.48902
1.48902
1.4896
1.48968
1.48978
1.48983
1.48997
1.49017
1.49019
1.49051
1.49088
1.49103
1.49146
1.49207
1.49251
1.4926
1.49262
1.49271
1.49284
1.49308
1.49413
1.49433
1.49444
1.49472
1.4948
1.49496
1.49512
1.49628
1.49662
1.4967
1.49726
1.49731
1.49761
1.49764
1.49776
1.49843
1.4987
1.4988
1.49901
1.49904
1.49908
1.4991
1.49924
1.49993
1.50015
1.50059
1.5008
1.50101
1.50119
1.50184
1.50191
1.50192
1.50203
1.50207
1.5022
1.50233
1.50236
1.50243
1.50321
1.50356
1.50423
1.50445
1.50462
1.50464
1.50501
1.5052
1.50523
1.50599
1.50626
1.50666
1.50677
1.50729
1.50752
1.50753
1.50774
1.50785
1.5079
1.50845
1.50862
1.50905
1.50908
1.50937
1.50939
1.50955
1.5098
1.50984
1.50998
1.51009
1.51022
1.51044
1.51049
1.51091
1.51098
1.51102
1.51122
1.51144
1.51157
1.51183
1.51202
1.51237
1.5125
1.51255
1.51273
1.51274
1.51302
1.5133
1.51336
1.51346
1.51367
1.51411
1.5153
1.51543
1.51577
1.51598
1.51641
1.51669
1.51742
1.51758
1.5176
1.51769
1.51803
1.51807
1.51812
1.51832
1.51882
1.51943
1.51947
1.51986
1.52009
1.52062
1.52074
1.52136
1.52167
1.52169
1.52174
1.52179
1.52206
1.52218
1.52223
1.52269
1.52305
1.52312
1.52333
1.52333
1.52356
1.52407
1.5247
1.52478
1.52483
1.52483
1.52531
1.52538
1.52578
1.52611
1.52648
1.52654
1.52671
1.52677
1.52734
1.52739
1.52843
1.52904
1.52951
1.53
1.53004
1.53016
1.5302
1.53033
1.53053
1.53104
1.5312
1.53158
1.53206
1.53206
1.53235
1.53252
1.53294
1.53315
1.53412
1.53422
1.53423
1.53452
1.53483
1.53486
1.53497
1.53545
1.53557
1.53574
1.53574
1.53587
1.53592
1.53595
1.53605
1.53619
1.53625
1.53644
1.53674
1.5368
1.53684
1.53702
1.53708
1.53776
1.53924
1.53943
1.53951
1.53962
1.54024
1.54059
1.54088
1.5413
1.54154
1.5419
1.54192
1.54197
1.54205
1.54206
1.54207
1.54212
1.54227
1.54319
1.54342
1.54347
1.54347
1.54366
1.54387
1.54408
1.54418
1.54456
1.54495
1.54616
1.54619
1.54629
1.54669
1.54701
1.54732
1.54747
1.54755
1.54769
1.548
1.54801
1.54821
1.54867
1.54885
1.54887
1.54906
1.54916
1.54989
1.54993
1.55001
1.55052
1.5511
1.55113
1.55155
1.55159
1.55173
1.55176
1.55213
1.55236
1.55251
1.55263
1.55275
1.55343
1.55354
1.55367
1.55386
1.55419
1.55454
1.55493
1.55499
1.555
1.55511
1.55518
1.55522
1.55531
1.55534
1.55535
1.55549
1.55564
1.55578
1.5561
1.55612
1.55618
1.55635
1.55663
1.55675
1.55682
1.55731
1.55787
1.55799
1.5581
1.55961
1.55973
1.56037
1.56102
1.56136
1.56185
1.56274
1.56283
1.56316
1.56329
1.56343
1.56359
1.56363
1.56367
1.56385
1.56423
1.56454
1.56459
1.56516
1.56527
1.56558
1.56632
1.56635
1.56671
1.56687
1.56698
1.5671
1.56753
1.5682
1.5682
1.56851
1.5686
1.56863
1.56881
1.56887
1.56887
1.56931
1.56941
1.56945
1.56945
1.57019
1.57059
1.57096
1.57101
1.57152
1.57218
1.57263
1.57281
1.5729
1.57306
1.57345
1.57423
1.57446
1.57455
1.57461
1.57471
1.57472
1.57477
1.57478
1.57534
1.57691
1.57823
1.57827
1.57891
1.57891
1.57929
1.57941
1.57983
1.58036
1.58042
1.58042
1.58085
1.58086
1.58088
1.58092
1.58154
1.58165
1.58199
1.58203
1.58222
1.5824
1.58254
1.58257
1.58286
1.58363
1.58401
1.5841
1.5842
1.58443
1.5851
1.58516
1.58526
1.58547
1.58561
1.58563
1.58564
1.58568
1.58742
1.58755
1.58765
1.58777
1.58874
1.58876
1.5888
1.58901
1.58914
1.58931
1.58938
1.58952
1.58974
1.58985
1.59012
1.59012
1.59023
1.59037
1.59044
1.59145
1.59149
1.59188
1.59279
1.59298
1.59395
1.59461
1.59463
1.59475
1.59533
1.59591
1.59598
1.59617
1.59623
1.59653
1.59847
1.59878
1.59923
1.59958
1.60006
1.60015
1.60045
1.60102
1.60119
1.60139
1.60139
1.60282
1.60292
1.60304
1.60347
1.60392
1.60433
1.60455
1.60476
1.60478
1.60519
1.6052
1.60526
1.60527
1.60547
1.60561
1.60594
1.60599
1.60618
1.60625
1.60678
1.60688
1.6072
1.60738
1.60744
1.60765
1.60816
1.60832
1.6088
1.60926
1.60933
1.60936
1.60951
1.60954
1.60955
1.6097
1.60978
1.60988
1.61039
1.6105
1.61057
1.6106
1.61108
1.6111
1.61118
1.61143
1.6115
1.61151
1.6116
1.61185
1.61189
1.61196
1.61247
1.61264
1.61314
1.61335
1.61406
1.61407
1.6145
1.61464
1.61526
1.61532
1.61564
1.61576
1.61583
1.61588
1.61647
1.61667
1.61672
1.61716
1.61718
1.61719
1.61744
1.61839
1.61862
1.61918
1.61945
1.61981
1.62059
1.62093
1.62111
1.62123
1.62141
1.62143
1.62199
1.62278
1.62314
1.62333
1.62334
1.62349
1.62367
1.6239
1.62419
1.62419
1.62451
1.62476
1.6251
1.62585
1.62587
1.62634
1.62642
1.62786
1.6279
1.62794
1.628
1.62806
1.62809
1.62855
1.62856
1.6288
1.62891
1.62916
1.62919
1.62936
1.62961
1.62964
1.6301
1.63021
1.63045
1.63055
1.63069
1.63087
1.63108
1.63159
1.63168
1.63188
1.63208
1.63298
1.63308
1.63357
1.63421
1.63436
1.63485
1.63506
1.63592
1.63682
1.63703
1.63713
1.63762
1.63775
1.6382
1.6382
1.63841
1.63842
1.63844
1.63903
1.63954
1.63963
1.63966
1.63971
1.6398
1.64004
1.64014
1.64108
1.64185
1.64207
1.64213
1.64253
1.6427
1.64271
1.64272
1.64289
1.64307
1.64316
1.64333
1.64345
1.64347
1.64363
1.64377
1.64467
1.64488
1.64499
1.645
1.64527
1.64534
1.64555
1.6457
1.6457
1.64611
1.64633
1.64648
1.64651
1.64652
1.64683
1.647
1.64736
1.64753
1.64768
1.64784
1.6479
1.64802
1.64804
1.64826
1.64836
1.64943
1.64962
1.64997
1.6503
1.65041
1.65064
1.65077
1.6509
1.65121
1.65165
1.65167
1.65168
1.65273
1.65277
1.65301
1.65312
1.65326
1.65364
1.65438
1.65455
1.65488
1.65574
1.65585
1.65595
1.65595
1.65602
1.65605
1.6562
1.65621
1.65672
1.65705
1.65719
1.65743
1.65749
1.65812
1.65845
1.65852
1.65874
1.65893
1.65903
1.6593
1.65948
1.65955
1.65966
1.65994
1.65998
1.66054
1.66097
1.66145
1.66147
1.66148
1.66169
1.66195
1.662
1.6621
1.66259
1.6629
1.66292
1.66303
1.66305
1.66318
1.66322
1.66394
1.66394
1.66402
1.66405
1.66406
1.66512
1.66526
1.66533
1.66589
1.66655
1.66699
1.66718
1.66738
1.66775
1.66781
1.66854
1.66894
1.66915
1.66917
1.66917
1.66919
1.66983
1.66983
1.66987
1.67052
1.67091
1.67105
1.67122
1.67187
1.67234
1.67235
1.67267
1.6738
1.6742
1.67426
1.67441
1.67463
1.67499
1.67521
1.67556
1.67589
1.67622
1.6764
1.67647
1.67733
1.67733
1.67741
1.67746
1.6778
1.67813
1.67828
1.67838
1.67882
1.67919
1.67922
1.68069
1.68151
1.68157
1.68208
1.68214
1.6822
1.6822
1.6824
1.68259
1.68261
1.68331
1.68412
1.68435
1.68453
1.68462
1.68495
1.68507
1.68571
1.68571
1.68576
1.68641
1.68675
1.68707
1.68718
1.6875
1.68781
1.68859
1.68874
1.68902
1.68904
1.68934
1.68958
1.68965
1.68998
1.69012
1.69028
1.69038
1.69048
1.69137
1.69239
1.69245
1.69271
1.6928
1.69321
1.69383
1.6939
1.69392
1.69406
1.69466
1.69508
1.69528
1.69547
1.69608
1.6962
1.69652
1.69706
1.69714
1.69762
1.69806
1.69822
1.69857
1.69892
1.699
1.69903
1.69924
1.69946
1.69964
1.70143
1.70148
1.70154
1.70165
1.70169
1.70181
1.70224
1.70247
1.70278
1.70328
1.70328
1.70336
1.70368
1.70392
1.70395
1.70417
1.70457
1.70467
1.70483
1.7049
1.70503
1.70535
1.70576
1.706
1.70605
1.70654
1.70691
1.70698
1.7071
1.70741
1.70825
1.70859
1.70878
1.70893
1.70909
1.70936
1.70938
1.7098
1.70987
1.70991
1.70992
1.71014
1.71058
1.71085
1.71099
1.71128
1.71145
1.71152
1.7117
1.71175
1.71181
1.712
1.71236
1.71273
1.71321
1.71327
1.71351
1.714
1.71432
1.71521
1.71539
1.71551
1.71563
1.71622
1.71671
1.71676
1.71678
1.71724
1.71792
1.71842
1.71896
1.71938
1.71946
1.72008
1.72012
1.72026
1.72177
1.72203
1.72212
1.72223
1.72267
1.7227
1.7229
1.7231
1.72365
1.72397
1.72403
1.7242
1.72468
1.72572
1.72578
1.72587
1.72651
1.72654
1.72661
1.72663
1.72666
1.72683
1.727
1.72704
1.72765
1.72821
1.72886
1.72905
1.72908
1.72952
1.72984
1.72994
1.73018
1.73055
1.73116
1.73129
1.73222
1.7323
1.73235
1.73261
1.73345
1.73356
1.73367
1.73371
1.73397
1.73442
1.73497
1.73512
1.73513
1.7352
1.73547
1.73551
1.73561
1.73562
1.73567
1.73611
1.73626
1.73628
1.73754
1.73772
1.73828
1.73833
1.73834
1.73846
1.73857
1.74056
1.74074
1.74155
1.74239
1.74302
1.74317
1.74337
1.74352
1.74395
1.74401
1.74421
1.7444
1.74451
1.74526
1.74548
1.74613
1.74661
1.74661
1.7469
1.74691
1.74701
1.74711
1.74765
1.74784
1.74825
1.74855
1.74894
1.74908
1.74913
1.74917
1.74952
1.74952
1.74959
1.74989
1.75059
1.7509
1.75096
1.75105
1.752
1.75226
1.75229
1.75296
1.75304
1.75424
1.75426
1.75481
1.75488
1.7553
1.75578
1.75582
1.75602
1.75617
1.75656
1.7568
1.75681
1.75703
1.7575
1.75789
1.7581
1.75827
1.75829
1.75853
1.7586
1.75865
1.75941
1.75986
1.76017
1.76133
1.76136
1.76214
1.76217
1.76226
1.76246
1.76305
1.76363
1.76366
1.76407
1.76413
1.76416
1.76481
1.76522
1.76578
1.7659
1.76605
1.76654
1.76686
1.76691
1.76718
1.76747
1.76748
1.76785
1.7683
1.76851
1.76856
1.76874
1.76902
1.76936
1.7694
1.76952
1.77028
1.77047
1.7708
1.77178
1.77181
1.77201
1.77244
1.77258
1.77308
1.7743
1.77459
1.7748
1.77489
1.77522
1.77552
1.77636
1.77681
1.77695
1.77705
1.77706
1.77721
1.77726
1.77771
1.77771
1.77815
1.77819
1.77866
1.78006
1.78034
1.7807
1.78096
1.78119
1.78151
1.78172
1.78208
1.78378
1.78383
1.78405
1.78406
1.7844
1.78473
1.78494
1.785
1.78517
1.78521
1.78544
1.78608
1.78617
1.7866
1.78661
1.78678
1.78704
1.78779
1.78811
1.78824
1.78861
1.78884
1.78885
1.78907
1.78916
1.78978
1.79117
1.79122
1.79143
1.79174
1.7918
1.7923
1.79276
1.79387
1.79387
1.79392
1.79456
1.79471
1.79481
1.79503
1.79569
1.79578
1.79579
1.79583
1.79595
1.79595
1.79612
1.79615
1.79628
1.79629
1.79649
1.79652
1.79693
1.79766
1.79775
1.79786
1.79786
1.79797
1.79941
1.79946
1.8003
1.80047
1.80063
1.8008
1.80084
1.80115
1.80124
1.80148
1.80161
1.80177
1.80191
1.80193
1.80201
1.80214
1.8028
1.80331
1.80425
1.80447
1.80464
1.80477
1.80509
1.8051
1.80516
1.80554
1.80574
1.80617
1.80639
1.80668
1.80678
1.80713
1.80721
1.80754
1.8079
1.80814
1.80834
1.80849
1.80869
1.80878
1.80879
1.80939
1.80995
1.81001
1.81008
1.81029
1.81034
1.8104
1.81067
1.8112
1.81123
1.81178
1.81197
1.81204
1.81226
1.81247
1.8129
1.81323
1.81324
1.81354
1.81383
1.81396
1.81462
1.81509
1.81556
1.81559
1.81573
1.81609
1.8164
1.81674
1.81737
1.8174
1.81766
1.81777
1.81855
1.81857
1.81873
1.81918
1.8192
1.82031
1.82042
1.82053
1.82148
1.82162
1.82242
1.82246
1.82275
1.8229
1.8239
1.82399
1.82427
1.82429
1.82455
1.82474
1.82486
1.82486
1.82508
1.82587
1.82603
1.82669
1.82686
1.82687
1.82754
1.828
1.82804
1.82811
1.82819
1.82828
1.82864
1.82865
1.82927
1.82945
1.82985
1.82986
1.83043
1.83043
1.83229
1.8323
1.83248
1.83292
1.83292
1.8333
1.83439
1.83489
1.83537
1.83606
1.83618
1.83667
1.83684
1.8374
1.83754
1.83807
1.83814
1.83857
1.8392
1.83925
1.8393
1.83932
1.84093
1.84151
1.84225
1.84249
1.84312
1.8432
1.84335
1.84365
1.84394
1.84424
1.84446
1.84461
1.84488
1.84492
1.84521
1.84524
1.84528
1.84631
1.84688
1.84693
1.84725
1.84752
1.84757
1.84839
1.84847
1.84848
1.84883
1.84906
1.84915
1.84932
1.8494
1.84941
1.84968
1.84973
1.84975
1.84992
1.85008
1.85044
1.85071
1.85074
1.85075
1.85078
1.85093
1.85109
1.85116
1.85117
1.8518
1.85183
1.85211
1.85287
1.85296
1.85337
1.85372
1.85411
1.85414
1.85428
1.85562
1.85583
1.85583
1.85635
1.85716
1.85801
1.85806
1.85815
1.8589
1.85893
1.85988
1.86027
1.86031
1.86074
1.86127
1.86172
1.86235
1.8625
1.86315
1.8637
1.86374
1.86529
1.86546
1.86575
1.86576
1.86644
1.86697
1.86761
1.8678
1.86796
1.86803
1.86803
1.86808
1.86859
1.86884
1.86957
1.86974
1.86979
1.86983
1.86988
1.87056
1.87073
1.87106
1.87109
1.87121
1.87135
1.87141
1.8718
1.87208
1.87222
1.87317
1.87318
1.87335
1.87343
1.87363
1.87448
1.8751
1.87518
1.87524
1.87542
1.87548
1.87583
1.87589
1.87627
1.87644
1.87658
1.87692
1.87779
1.87805
1.87806
1.87814
1.87931
1.87938
1.88055
1.88095
1.88125
1.88204
1.88214
1.88241
1.88365
1.88379
1.88393
1.88405
1.88451
1.88518
1.88551
1.88582
1.8861
1.88651
1.88673
1.88722
1.88793
1.8884
1.88842
1.88849
1.88866
1.88886
1.889
1.88939
1.89008
1.8902
1.8906
1.89083
1.89103
1.89109
1.8911
1.89131
1.89157
1.8923
1.89235
1.89237
1.89239
1.89242
1.89263
1.893
1.89335
1.89362
1.89424
1.89446
1.8945
1.8947
1.89483
1.89506
1.89523
1.8953
1.8953
1.8958
1.89587
1.89642
1.89693
1.89701
1.89712
1.89776
1.89782
1.8992
1.89943
1.89947
1.89972
1.89989
1.89998
1.90014
1.90045
1.90067
1.90168
1.90229
1.90236
1.90258
1.90265
1.90339
1.90346
1.9035
1.90374
1.90402
1.90403
1.90406
1.90506
1.90545
1.90566
1.9058
1.90584
1.90586
1.90594
1.90628
1.90677
1.90678
1.90712
1.90795
1.90809
1.90819
1.90843
1.9086
1.90907
1.90984
1.91039
1.91063
1.91065
1.91066
1.91115
1.91139
1.91155
1.9116
1.91224
1.91273
1.91313
1.91326
1.91339
1.91361
1.91368
1.91372
1.91372
1.91373
1.91401
1.91402
1.91439
1.91507
1.91608
1.91617
1.91622
1.9165
1.91699
1.91824
1.91856
1.91856
1.91858
1.91915
1.9199
1.92002
1.92003
1.92006
1.92031
1.92054
1.92153
1.92256
1.92277
1.92314
1.92402
1.92438
1.92498
1.92529
1.92536
1.92577
1.92597
1.9261
1.92615
1.92676
1.92722
1.92728
1.92767
1.92767
1.92795
1.92884
1.92912
1.92955
1.92959
1.92966
1.9298
1.92981
1.92984
1.93004
1.93012
1.93036
1.93084
1.93119
1.93155
1.93189
1.9327
1.93272
1.93279
1.93308
1.93344
1.9337
1.93376
1.93384
1.93385
1.93413
1.93414
1.93442
1.93455
1.93462
1.93474
1.9351
1.93623
1.93728
1.93774
1.93815
1.93827
1.93858
1.93936
1.93943
1.93963
1.94005
1.94035
1.94059
1.94065
1.94077
1.9414
1.94141
1.94152
1.94162
1.94169
1.94177
1.9421
1.94224
1.94228
1.9424
1.94248
1.94262
1.94276
1.94424
1.94461
1.94497
1.94509
1.94526
1.94527
1.94531
1.94585
1.94644
1.94648
1.94666
1.94679
1.94689
1.94723
1.94938
1.94946
1.95028
1.95045
1.95084
1.95086
1.95153
1.95153
1.9521
1.9523
1.95255
1.95262
1.95265
1.95266
1.953
1.95308
1.95342
1.95369
1.95417
1.95434
1.95454
1.95466
1.95469
1.9547
1.955
1.95536
1.95567
1.95567
1.95575
1.95626
1.95659
1.95721
1.9578
1.95801
1.95811
1.95821
1.95844
1.95853
1.95905
1.9596
1.96057
1.96104
1.96139
1.96142
1.96145
1.96174
1.96232
1.96254
1.96264
1.96329
1.96366
1.96408
1.96432
1.96438
1.96438
1.96531
1.96563
1.96597
1.96616
1.96623
1.9663
1.96642
1.96656
1.96667
1.96675
1.96677
1.96686
1.9673
1.96782
1.96784
1.96794
1.96796
1.96797
1.96797
1.96834
1.96857
1.96934
1.96941
1.97032
1.97064
1.97085
1.97102
1.97104
1.9717
1.97214
1.97231
1.97233
1.97265
1.97302
1.97334
1.97349
1.97357
1.9736
1.9736
1.97386
1.97404
1.97434
1.9746
1.97501
1.97508
1.97512
1.97525
1.97589
1.97593
1.97679
1.97696
1.97701
1.97732
1.97733
1.97756
1.97817
1.97823
1.97959
1.9797
1.98036
1.98039
1.98051
1.98083
1.98087
1.98105
1.98124
1.98133
1.98169
1.982
1.9821
1.98213
1.98222
1.98344
1.98433
1.98478
1.98508
1.98521
1.98523
1.98558
1.98614
1.98627
1.98632
1.98649
1.98722
1.98732
1.98777
1.98801
1.98816
1.98822
1.98859
1.98871
1.9891
1.9895
1.99293
1.99303
1.99403
1.99424
1.99435
1.99435
1.99491
1.99511
1.9952
1.99569
1.99723
1.99816
1.99817
1.99825
1.99908
1.99987
2.00012
2.00061
2.00094
2.0017
2.00205
2.00212
2.00286
2.00295
2.00349
2.00375
2.00394
2.00425
2.00459
2.00467
2.00573
2.00583
2.0059
2.00618
2.00624
2.00624
2.00642
2.00646
2.00683
2.00695
2.00695
2.00765
2.00794
2.00838
2.00884
2.00931
2.00945
2.01064
2.01159
2.01169
2.01194
2.01232
2.01249
2.01249
2.01284
2.01312
2.0133
2.01336
2.01379
2.01482
2.01505
2.01521
2.01524
2.01572
2.01593
2.01609
2.01633
2.01684
2.01703
2.0179
2.0184
2.01854
2.01999
2.02008
2.0201
2.02039
2.02081
2.02127
2.02151
2.0219
2.02232
2.02255
2.02368
2.02375
2.02379
2.02431
2.02431
2.02456
2.0253
2.02546
2.02574
2.02575
2.02586
2.02627
2.02667
2.02728
2.02796
2.02798
2.02804
2.02894
2.02898
2.02906
2.02914
2.02955
2.02964
2.02979
2.02996
2.03016
2.03023
2.03039
2.03084
2.031
2.03112
2.03119
2.0317
2.03196
2.03276
2.03283
2.03292
2.03342
2.03403
2.03428
2.03493
2.03514
2.03519
2.03533
2.03559
2.0356
2.03592
2.03595
2.03664
2.03676
2.03684
2.03858
2.03861
2.03886
2.03886
2.03984
2.04014
2.04073
2.04087
2.04096
2.04143
2.04146
2.04147
2.04157
2.04185
2.04221
2.04246
2.04267
2.04293
2.04311
2.04338
2.04358
2.04393
2.0441
2.04474
2.04512
2.04524
2.04642
2.04692
2.04695
2.04697
2.04699
2.04738
2.04753
2.04795
2.04843
2.04887
2.04896
2.04901
2.05026
2.051
2.05149
2.05218
2.0525
2.05262
2.05273
2.05285
2.05335
2.05341
2.05351
2.05362
2.0541
2.05477
2.05478
2.05482
2.05504
2.05596
2.0566
2.05736
2.05863
2.05866
2.05964
2.05989
2.06014
2.06024
2.06054
2.0613
2.06134
2.0616
2.06183
2.06251
2.06262
2.06268
2.06274
2.06334
2.06395
2.06407
2.06408
2.06517
2.06526
2.0653
2.06554
2.06557
2.06611
2.06659
2.06672
2.06799
2.06834
2.06861
2.06864
2.06887
2.06893
2.06967
2.0705
2.07061
2.0707
2.07117
2.07176
2.07264
2.07277
2.07278
2.07292
2.07306
2.07307
2.07312
2.07344
2.07365
2.07392
2.07412
2.07413
2.07414
2.0743
2.07441
2.07479
2.07485
2.07513
2.07575
2.0763
2.07662
2.07673
2.07683
2.07698
2.07786
2.07799
2.07834
2.07869
2.07879
2.07882
2.07977
2.08061
2.08078
2.08088
2.08104
2.08184
2.08185
2.08186
2.08195
2.08206
2.08229
2.08237
2.08259
2.08295
2.08392
2.08399
2.08475
2.08502
2.08536
2.08617
2.08662
2.08762
2.08769
2.0877
2.08774
2.089
2.08909
2.08949
2.08983
2.08996
2.0902
2.09097
2.09122
2.09143
2.09232
2.09243
2.09291
2.09301
2.09312
2.09312
2.09393
2.09405
2.09406
2.09407
2.09439
2.09477
2.09508
2.09545
2.09547
2.09593
2.09682
2.09684
2.09707
2.09741
2.09752
2.09754
2.0979
2.09831
2.09973
2.09978
2.09986
2.10007
2.10108
2.10168
2.10172
2.10186
2.10211
2.1028
2.1029
2.10301
2.1036
2.10388
2.10418
2.10499
2.10501
2.10505
2.10535
2.10535
2.10542
2.10585
2.10623
2.10625
2.1063
2.10659
2.10703
2.10719
2.10719
2.10735
2.10739
2.10749
2.10808
2.10824
2.10843
2.1087
2.10919
2.1093
2.10947
2.10975
2.10985
2.11189
2.11203
2.11315
2.11389
2.11505
2.11505
2.11506
2.11515
2.11526
2.11551
2.11596
2.1162
2.11646
2.1182
2.11828
2.11883
2.11937
2.11967
2.12044
2.12071
2.12083
2.12123
2.12173
2.12192
2.12201
2.12202
2.12231
2.12233
2.12246
2.1227
2.12284
2.12305
2.12362
2.12386
2.12395
2.12403
2.12418
2.12437
2.12458
2.12516
2.12518
2.12544
2.1257
2.12649
2.12673
2.12688
2.12736
2.12747
2.12779
2.12837
2.12893
2.12897
2.12931
2.12957
2.13039
2.13047
2.13053
2.13083
2.13128
2.13169
2.13171
2.13201
2.13218
2.13218
2.13247
2.13295
2.13303
2.13375
2.13384
2.13409
2.13411
2.13431
2.13473
2.13503
2.13529
2.1354
2.13564
2.13652
2.13657
2.13662
2.13672
2.13682
2.13691
2.13696
2.13697
2.13746
2.1375
2.13788
2.13825
2.13831
2.13921
2.13958
2.13963
2.14025
2.14043
2.14047
2.14055
2.14065
2.14076
2.14089
2.14109
2.14166
2.14331
2.14399
2.14403
2.14431
2.14461
2.14474
2.14535
2.14614
2.14615
2.14621
2.14659
2.14748
2.14748
2.14816
2.14828
2.14833
2.14847
2.14853
2.14882
2.14902
2.14925
2.14936
2.14945
2.14955
2.14956
2.15051
2.15054
2.15088
2.15117
2.15148
2.15164
2.15204
2.15229
2.15262
2.15303
2.15332
2.15356
2.15409
2.15444
2.15476
2.15478
2.15486
2.15523
2.15533
2.15538
2.15544
2.15573
2.15574
2.15598
2.15613
2.15615
2.15637
2.1566
2.15676
2.15678
2.15766
2.15809
2.15836
2.15844
2.15863
2.15866
2.15867
2.15878
2.15906
2.15977
2.15997
2.16031
2.16076
2.16086
2.16107
2.16114
2.16122
2.16141
2.16183
2.16216
2.16228
2.16273
2.16314
2.16377
2.16384
2.16388
2.16437
2.16445
2.16571
2.16575
2.16597
2.16647
2.16667
2.16705
2.16725
2.16731
2.16753
2.16871
2.16953
2.17135
2.17171
2.17215
2.17309
2.17315
2.17344
2.17378
2.17411
2.17448
2.17448
2.17469
2.17536
2.17579
2.17645
2.17673
2.17704
2.17721
2.17749
2.17815
2.17853
2.17856
2.17868
2.17907
2.18063
2.18073
2.18076
2.18102
2.18102
2.18105
2.18112
2.18114
2.1815
2.18163
2.18185
2.18189
2.1829
2.18321
2.18346
2.18409
2.18454
2.18475
2.18499
2.18501
2.18552
2.18568
2.18717
2.18763
2.188
2.18892
2.19114
2.19118
2.19158
2.19194
2.19222
2.19236
2.19364
2.19406
2.19413
2.1944
2.1948
2.19526
2.19535
2.19664
2.19715
2.19785
2.19795
2.19818
2.19856
2.19911
2.19961
2.19994
2.20001
2.20013
2.20069
2.20108
2.20216
2.20271
2.2028
2.20281
2.20289
2.20377
2.20399
2.20437
2.20513
2.20514
2.2055
2.20568
2.20579
2.20718
2.20782
2.20808
2.20814
2.20832
2.20851
2.20854
2.20914
2.20928
2.20933
2.20933
2.21101
2.21147
2.21162
2.21172
2.21257
2.21296
2.21297
2.21299
2.2135
2.2135
2.21374
2.21433
2.2148
2.21482
2.2159
2.21664
2.21681
2.21745
2.2175
2.21754
2.21765
2.21769
2.21795
2.21811
2.21907
2.2195
2.2199
2.22048
2.22103
2.22167
2.22178
2.22186
2.22224
2.22232
2.2238
2.22389
2.22488
2.22497
2.22539
2.22614
2.2262
2.22645
2.22679
2.22762
2.22777
2.22791
2.22859
2.22892
2.22929
2.23041
2.2307
2.231
2.23113
2.23117
2.23135
2.23227
2.23264
2.23322
2.23322
2.23477
2.23494
2.23505
2.23507
2.23514
2.23535
2.23635
2.23668
2.23687
2.23695
2.23696
2.23795
2.23798
2.23805
2.23869
2.2388
2.23935
2.24029
2.24031
2.24045
2.24089
2.24093
2.2416
2.24168
2.24182
2.242
2.24217
2.24218
2.2423
2.24233
2.24236
2.24275
2.24305
2.24482
2.24494
2.24596
2.24635
2.24816
2.24847
2.24853
2.24863
2.24887
2.24916
2.24952
2.25
2.25014
2.2502
2.25053
2.25078
2.25138
2.25193
2.25216
2.25278
2.2534
2.25344
2.25353
2.25471
2.25514
2.25522
2.25567
2.25582
2.25593
2.25613
2.2567
2.25722
2.25742
2.25749
2.25756
2.25826
2.25858
2.25939
2.25982
2.26006
2.26044
2.26049
2.26102
2.26154
2.26264
2.26279
2.26363
2.26377
2.26403
2.26409
2.26454
2.26477
2.26545
2.26551
2.26562
2.26569
2.26572
2.26604
2.26654
2.26659
2.26667
2.26687
2.26718
2.26727
2.26958
2.27016
2.27027
2.27067
2.27075
2.27178
2.27184
2.27206
2.27333
2.27351
2.27421
2.27475
2.27487
2.27496
2.27522
2.27539
2.27659
2.27794
2.27831
2.27889
2.27893
2.27915
2.27927
2.27951
2.27959
2.27963
2.27992
2.28171
2.28171
2.28174
2.2819
2.28275
2.28323
2.28359
2.28478
2.28513
2.28576
2.28579
2.28591
2.28643
2.28652
2.28669
2.28811
2.28833
2.28893
2.28907
2.28923
2.2895
2.2896
2.29032
2.29073
2.29233
2.29261
2.29284
2.293
2.29326
2.29358
2.29366
2.29389
2.29487
2.295
2.29501
2.29528
2.29548
2.29582
2.29647
2.29661
2.29668
2.29854
2.29888
2.29965
2.29967
2.2999
2.30031
2.301
2.30105
2.30149
2.3018
2.30189
2.30224
2.3023
2.30247
2.30276
2.3031
2.30367
2.30502
2.30537
2.30613
2.30647
2.30701
2.30727
2.30736
2.30766
2.30783
2.30796
2.30804
2.30838
2.30917
2.30923
2.30995
2.31011
2.31028
2.31055
2.3114
2.31149
2.31171
2.31193
2.3124
2.31241
2.31267
2.31269
2.31328
2.31331
2.3136
2.31391
2.31433
2.31476
2.31478
2.31505
2.31552
2.31567
2.31582
2.31595
2.31669
2.31692
2.31717
2.31739
2.3176
2.31851
2.31898
2.31909
2.31965
2.32032
2.32067
2.32079
2.32118
2.32169
2.32208
2.32289
2.3232
2.32382
2.32399
2.32438
2.32458
2.32465
2.32568
2.32577
2.3263
2.32668
2.32682
2.32721
2.32742
2.32824
2.32852
2.32872
2.32881
2.32884
2.32898
2.32912
2.32934
2.32972
2.33008
2.33091
2.33103
2.33134
2.33136
2.33223
2.33268
2.33294
2.33352
2.33418
2.33488
2.33496
2.33508
2.33531
2.33544
2.33576
2.33599
2.33673
2.33687
2.3376
2.33768
2.33798
2.33871
2.33947
2.33983
2.34004
2.34033
2.34041
2.34058
2.34121
2.34297
2.34344
2.34361
2.34401
2.34552
2.34696
2.34717
2.34771
2.34773
2.34783
2.34788
2.34826
2.3492
2.34948
2.34949
2.34951
2.34961
2.34964
2.34974
2.34999
2.3509
2.35116
2.35217
2.35262
2.3529
2.35322
2.35389
2.35416
2.35421
2.35435
2.35518
2.35559
2.35572
2.35582
2.35612
2.35636
2.3565
2.35702
2.35727
2.35781
2.35806
2.35843
2.35908
2.35945
2.35956
2.35987
2.35994
2.36016
2.36031
2.36041
2.36064
2.36117
2.36216
2.36287
2.36342
2.36398
2.36412
2.36412
2.36432
2.36447
2.36457
2.36495
2.36577
2.3667
2.36723
2.36749
2.36779
2.36781
2.3679
2.36809
2.36827
2.36903
2.36958
2.36993
2.37039
2.37053
2.37106
2.37126
2.37149
2.3715
2.3716
2.37161
2.37194
2.37226
2.37233
2.37273
2.37312
2.37332
2.37342
2.3735
2.37377
2.37409
2.37414
2.37426
2.37484
2.37486
2.37512
2.37524
2.37592
2.37643
2.37724
2.37729
2.37746
2.37793
2.3784
2.37845
2.37865
2.37974
2.37988
2.37993
2.38021
2.38023
2.38085
2.38116
2.38185
2.38223
2.38243
2.3825
2.38271
2.38312
2.38393
2.38431
2.38443
2.38447
2.38457
2.38501
2.38652
2.38732
2.38767
2.38967
2.39025
2.39036
2.39052
2.39093
2.39159
2.39195
2.39339
2.3939
2.39487
2.39497
2.39532
2.39555
2.39558
2.39629
2.39646
2.39651
2.39659
2.3967
2.39674
2.39682
2.39711
2.39868
2.39931
2.39953
2.40004
2.40022
2.4008
2.40133
2.40218
2.40223
2.4026
2.40277
2.40296
2.40311
2.4042
2.40503
2.40512
2.40679
2.40693
2.40731
2.40766
2.40858
2.41098
2.41121
2.41145
2.41189
2.4121
2.41242
2.41258
2.41327
2.4133
2.41346
2.41464
2.41501
2.4153
2.41534
2.41561
2.41572
2.41597
2.4166
2.4168
2.41697
2.41762
2.41794
2.41823
2.41832
2.41913
2.41932
2.41955
2.42014
2.42036
2.42137
2.42161
2.42165
2.4217
2.42208
2.42237
2.42261
2.42264
2.42264
2.42266
2.42391
2.42409
2.42508
2.42532
2.42567
2.42631
2.42633
2.42671
2.42687
2.42688
2.427
2.42766
2.42775
2.42783
2.42857
2.42866
2.42904
2.42906
2.43035
2.43041
2.43056
2.43097
2.4317
2.43288
2.4331
2.43333
2.43345
2.43452
2.43539
2.43555
2.43627
2.43632
2.43653
2.43675
2.43737
2.43755
2.43807
2.43812
2.43899
2.4393
2.43933
2.43935
2.43942
2.4395
2.43961
2.43977
2.44016
2.44036
2.44052
2.44107
2.44196
2.44254
2.44284
2.44303
2.44312
2.4445
2.44482
2.44523
2.44614
2.44699
2.44868
2.44925
2.44992
2.45001
2.45034
2.45045
2.45085
2.45105
2.4513
2.45175
2.45187
2.45236
2.45333
2.45351
2.45396
2.45482
2.45495
2.45579
2.45598
2.45697
2.45811
2.45814
2.45838
2.45863
2.45878
2.45884
2.45896
2.45964
2.46066
2.46116
2.4625
2.46268
2.46307
2.46334
2.46347
2.46396
2.46731
2.46748
2.46838
2.46901
2.4712
2.47131
2.47142
2.47197
2.47204
2.47207
2.4721
2.47268
2.47343
2.47456
2.47468
2.4752
2.47524
2.47525
2.47539
2.47621
2.47642
2.47678
2.47682
2.47687
2.47689
2.47726
2.47766
2.47782
2.47877
2.47946
2.47948
2.47981
2.4799
2.47998
2.48015
2.48022
2.48047
2.48107
2.48125
2.48162
2.48165
2.48169
2.48222
2.48223
2.483
2.48308
2.48319
2.4832
2.48392
2.48428
2.48471
2.48477
2.48638
2.48734
2.48735
2.48747
2.488
2.48825
2.48946
2.48947
2.48959
2.48974
2.48982
2.49029
2.4916
2.49279
2.49279
2.4929
2.49296
2.49305
2.49323
2.49368
2.49392
2.49409
2.49442
2.49448
2.49462
2.49476
2.49539
2.49541
2.49569
2.49583
2.4978
2.49789
2.4979
2.49793
2.49868
2.49891
2.49921
2.49929
2.49957
2.49988
2.50043
2.50094
2.50133
2.50149
2.50185
2.50264
2.50267
2.50395
2.50416
2.50427
2.50454
2.50466
2.50476
2.50494
2.50514
2.50566
2.50569
2.50573
2.50594
2.5062
2.50655
2.50785
2.50789
2.50823
2.5088
2.50882
2.50928
2.50959
2.5099
2.51039
2.51058
2.51086
2.51093
2.51138
2.51189
2.51203
2.51215
2.51229
2.51324
2.51366
2.51367
2.51375
2.51391
2.51399
2.51421
2.51446
2.51462
2.51511
2.51588
2.51628
2.51682
2.51686
2.51902
2.51923
2.52079
2.52087
2.52091
2.52113
2.52148
2.52172
2.5218
2.52252
2.52306
2.52342
2.52342
2.5235
2.52353
2.52393
2.52578
2.52595
2.52787
2.52873
2.52958
2.52998
2.5307
2.53118
2.53181
2.53202
2.53259
2.5328
2.53284
2.53298
2.53307
2.53316
2.53396
2.5341
2.53416
2.53419
2.53444
2.53462
2.53472
2.53481
2.53495
2.53531
2.53592
2.53699
2.53727
2.53777
2.53792
2.53807
2.53867
2.53969
2.54015
2.54026
2.54065
2.54067
2.5414
2.54154
2.54291
2.54316
2.54422
2.54462
2.54515
2.54537
2.54654
2.54674
2.54692
2.54693
2.54698
2.54709
2.54715
2.54748
2.5486
2.54988
2.5499
2.55004
2.55035
2.55056
2.55074
2.55173
2.5524
2.55285
2.55303
2.55303
2.55337
2.55419
2.55489
2.55605
2.55622
2.55628
2.55648
2.55657
2.55888
2.55901
2.55995
2.56047
2.56124
2.5624
2.56245
2.56252
2.563
2.564
2.56417
2.56487
2.56489
2.56581
2.56696
2.56722
2.56739
2.56797
2.56841
2.56908
2.56908
2.56972
2.56991
2.57022
2.57036
2.57114
2.5718
2.57188
2.57191
2.57269
2.57308
2.57324
2.5746
2.57598
2.57615
2.57618
2.57681
2.57708
2.57728
2.57731
2.5778
2.57832
2.57868
2.5793
2.57964
2.57973
2.57974
2.58011
2.58022
2.58042
2.58158
2.58258
2.58329
2.5833
2.58365
2.58449
2.58482
2.58543
2.5866
2.58693
2.58704
2.58722
2.58722
2.58734
2.58768
2.58771
2.58777
2.58847
2.58859
2.58864
2.58872
2.58874
2.5899
2.59092
2.59153
2.59167
2.59318
2.59425
2.59493
2.59496
2.59516
2.59577
2.596
2.59683
2.59734
2.59748
2.59791
2.59963
2.60013
2.60031
2.60158
2.60229
2.60279
2.60296
2.6031
2.60321
2.60347
2.60422
2.60472
2.60528
2.60531
2.60556
2.60719
2.60732
2.60788
2.6081
2.60886
2.60915
2.6098
2.61003
2.61038
2.61113
2.61154
2.61186
2.61288
2.6133
2.61334
2.61426
2.61446
2.61481
2.61503
2.61553
2.61586
2.61612
2.61642
2.6166
2.61661
2.61689
2.61694
2.61741
2.61817
2.61845
2.61891
2.61942
2.61979
2.62024
2.62069
2.62072
2.6209
2.62134
2.6214
2.62147
2.62173
2.62208
2.62273
2.62333
2.62367
2.62384
2.62449
2.62471
2.62545
2.62581
2.62688
2.62712
2.62775
2.62806
2.62901
2.62922
2.62949
2.62963
2.62976
2.63009
2.63029
2.63064
2.6314
2.63264
2.63303
2.6337
2.63415
2.63433
2.63465
2.63469
2.63473
2.63578
2.63772
2.63799
2.63955
2.64011
2.64035
2.64086
2.64172
2.64223
2.64307
2.64375
2.64429
2.64491
2.64518
2.64571
2.64663
2.64667
2.64741
2.64749
2.64823
2.64834
2.6486
2.64871
2.64932
2.64958
2.64971
2.64984
2.64986
2.65023
2.65066
2.65079
2.65084
2.65176
2.65215
2.65236
2.65332
2.65363
2.65705
2.65769
2.65823
2.65884
2.66047
2.66076
2.6609
2.66121
2.66148
2.66223
2.66306
2.66318
2.66348
2.66351
2.66371
2.66398
2.66457
2.66487
2.66489
2.66498
2.66502
2.66552
2.66655
2.66668
2.6668
2.66694
2.66696
2.66705
2.66761
2.66793
2.66808
2.6688
2.66885
2.66901
2.67014
2.67025
2.67033
2.67046
2.67088
2.67097
2.67123
2.67179
2.67188
2.6729
2.67364
2.674
2.67581
2.67583
2.67584
2.67595
2.67632
2.67679
2.67787
2.67828
2.67883
2.6793
2.68033
2.68036
2.68142
2.6828
2.683
2.68321
2.68351
2.68377
2.68383
2.68477
2.68497
2.68542
2.68585
2.68616
2.68653
2.6866
2.68686
2.688
2.68999
2.69011
2.69024
2.69032
2.69032
2.69111
2.69131
2.69157
2.6925
2.69358
2.69527
2.69541
2.69564
2.69593
2.69599
2.69647
2.69654
2.69762
2.69766
2.69875
2.69919
2.69928
2.69999
2.70069
2.70156
2.70212
2.70215
2.7023
2.70286
2.70289
2.70317
2.70332
2.70388
2.70401
2.70465
2.70511
2.70549
2.70634
2.70778
2.70826
2.70902
2.71162
2.71189
2.71192
2.7121
2.71212
2.71219
2.71241
2.71243
2.71333
2.71448
2.71459
2.71463
2.71466
2.71481
2.7153
2.71585
2.71622
2.71661
2.71662
2.71697
2.71722
2.71751
2.71797
2.71874
2.71909
2.7194
2.71976
2.72165
2.722
2.7223
2.72518
2.72586
2.72625
2.72637
2.72737
2.72746
2.72992
2.73002
2.73041
2.7306
2.73086
2.73097
2.73167
2.73227
2.73236
2.73253
2.73276
2.73375
2.7349
2.73493
2.7359
2.73613
2.73637
2.73647
2.73681
2.73783
2.73821
2.7386
2.73969
2.74066
2.74081
2.74088
2.74171
2.74224
2.74311
2.74351
2.74461
2.74483
2.74513
2.74567
2.74656
2.74689
2.74858
2.74887
2.74906
2.74907
2.74936
2.74958
2.75061
2.75061
2.75089
2.75304
2.75318
2.75475
2.75613
2.75658
2.75678
2.75684
2.75723
2.75751
2.75821
2.75876
2.7602
2.76187
2.76212
2.76217
2.76324
2.76379
2.76501
2.76573
2.76595
2.76752
2.76799
2.76841
2.7685
2.76879
2.7688
2.76906
2.76933
2.76968
2.76985
2.76987
2.77022
2.77027
2.77094
2.77146
2.77209
2.77293
2.77318
2.77367
2.77469
2.77495
2.77497
2.77511
2.77535
2.77554
2.77571
2.77647
2.77721
2.77794
2.779
2.7794
2.77984
2.77991
2.78042
2.78102
2.7813
2.78133
2.7818
2.78217
2.78238
2.78337
2.78353
2.78428
2.78462
2.7861
2.78633
2.78648
2.78884
2.78926
2.78972
2.79172
2.79201
2.79212
2.79265
2.79304
2.79328
2.79335
2.79354
2.7936
2.79387
2.79547
2.79632
2.7972
2.79721
2.79998
2.80032
2.8008
2.80081
2.80119
2.80133
2.80202
2.80253
2.80377
2.80406
2.80451
2.80461
2.80473
2.80474
2.80497
2.80717
2.80747
2.80885
2.81111
2.81131
2.81137
2.812
2.81253
2.81308
2.81316
2.81337
2.81359
2.81411
2.81508
2.81532
2.81536
2.81548
2.81599
2.81775
2.81835
2.81885
2.81979
2.82049
2.82098
2.82142
2.82207
2.82317
2.82321
2.82323
2.82342
2.82462
2.8254
2.82608
2.82638
2.82669
2.82718
2.8272
2.82765
2.82825
2.82864
2.82949
2.82967
2.82975
2.83037
2.83038
2.83158
2.83312
2.83342
2.83531
2.83596
2.83624
2.83631
2.83705
2.83912
2.83977
2.83995
2.84014
2.84052
2.84054
2.84064
2.84087
2.8414
2.84365
2.84412
2.84432
2.84449
2.84471
2.84477
2.84505
2.84542
2.84683
2.84927
2.85031
2.85149
2.85194
2.85286
2.85339
2.85464
2.85477
2.85489
2.85504
2.85505
2.85549
2.85667
2.85906
2.85908
2.85964
2.86016
2.86041
2.86053
2.86079
2.86098
2.86114
2.86115
2.86169
2.86268
2.86358
2.8636
2.86386
2.86457
2.86565
2.86632
2.86732
2.86745
2.869
2.86927
2.86971
2.86985
2.87129
2.87331
2.87351
2.87457
2.87466
2.87616
2.87621
2.877
2.87803
2.87964
2.87964
2.87998
2.88013
2.8803
2.88173
2.88181
2.88203
2.8821
2.88266
2.8827
2.88298
2.88429
2.88497
2.88576
2.88596
2.88673
2.88789
2.88819
2.8889
2.88939
2.8894
2.89016
2.89056
2.89073
2.8908
2.89098
2.892
2.89287
2.89359
2.89538
2.89741
2.89781
2.89782
2.89808
2.89809
2.89812
2.90053
2.90076
2.90203
2.90235
2.90295
2.90324
2.90325
2.90357
2.90361
2.90362
2.90385
2.90387
2.90513
2.90527
2.90698
2.90706
2.90753
2.90821
2.90896
2.9098
2.90983
2.91044
2.91115
2.91127
2.91213
2.91325
2.91384
2.91424
2.91469
2.91515
2.91677
2.91845
2.91864
2.91871
2.91895
2.91932
2.91933
2.92022
2.92135
2.92139
2.92296
2.92411
2.925
2.92513
2.9261
2.92731
2.92848
2.93048
2.93106
2.93126
2.93211
2.93263
2.93332
2.93478
2.93541
2.93556
2.93692
2.93728
2.93761
2.93788
2.93803
2.93855
2.9389
2.93994
2.94022
2.94052
2.9408
2.94093
2.94106
2.94134
2.94332
2.94377
2.9443
2.945
2.94562
2.94608
2.94617
2.94658
2.94723
2.94746
2.94776
2.94818
2.94879
2.94946
2.94957
2.95026
2.9513
2.95289
2.95371
2.95506
2.95659
2.95685
2.95849
2.95873
2.96035
2.96037
2.96067
2.96223
2.96256
2.96337
2.96392
2.96404
2.96632
2.97061
2.9708
2.97215
2.97265
2.97272
2.97557
2.97626
2.97721
2.97732
2.97865
2.98091
2.9813
2.98141
2.98164
2.98235
2.98289
2.98331
2.98412
2.98434
2.98611
2.98616
2.98701
2.98703
2.98711
2.98816
2.98867
2.9897
2.99031
2.99042
2.99151
2.99183
2.99225
2.99277
2.99306
2.99329
2.99379
2.99419
2.9947
2.99479
2.99596
2.99622
2.99632
2.99746
2.99755
2.99787
2.99821
2.99887
2.99946
3.00071
3.00098
3.00171
3.00197
3.00237
3.0028
3.00292
3.00426
3.00483
3.0052
3.00598
3.00677
3.00682
3.00701
3.00771
3.00779
3.00852
3.00865
3.00876
3.00907
3.01021
3.01083
3.01125
3.01153
3.01166
3.01194
3.01238
3.01301
3.01318
3.0137
3.01489
3.01572
3.01626
3.01644
3.01705
3.01781
3.01811
3.01811
3.01812
3.01835
3.0207
3.02093
3.02153
3.0218
3.02188
3.02351
3.0236
3.02389
3.02479
3.02524
3.02598
3.02683
3.02731
3.02876
3.02878
3.02922
3.02924
3.03085
3.03236
3.03251
3.03253
3.03287
3.0335
3.0335
3.03511
3.03543
3.03587
3.03589
3.03632
3.03714
3.03741
3.03791
3.03839
3.03842
3.03865
3.03987
3.04001
3.04051
3.04062
3.04074
3.04087
3.04147
3.04149
3.04231
3.04277
3.04293
3.04475
3.04522
3.04541
3.04557
3.04583
3.0461
3.04637
3.04786
3.04791
3.04836
3.0489
3.04912
3.05242
3.05286
3.05304
3.05309
3.05432
3.05483
3.05517
3.05544
3.05559
3.05586
3.05646
3.05712
3.05753
3.05753
3.05799
3.05879
3.05883
3.06051
3.06163
3.06231
3.06233
3.0626
3.0628
3.06361
3.06367
3.0639
3.06429
3.06512
3.0654
3.06551
3.06616
3.06617
3.06683
3.06912
3.0692
3.06934
3.06997
3.07022
3.0705
3.07174
3.07319
3.0737
3.07377
3.07425
3.07457
3.075
3.07517
3.07576
3.07609
3.07613
3.07623
3.0767
3.0768
3.07779
3.07785
3.07805
3.07849
3.07888
3.08179
3.0826
3.0849
3.08536
3.08546
3.08674
3.08895
3.08932
3.08957
3.08974
3.09001
3.09191
3.09249
3.09255
3.09257
3.09262
3.09301
3.09332
3.09364
3.09393
3.0941
3.09437
3.09444
3.09578
3.09612
3.09737
3.09772
3.09777
3.09892
3.10052
3.10171
3.10175
3.10209
3.10308
3.1034
3.10353
3.10386
3.10422
3.10432
3.1049
3.10577
3.10589
3.10665
3.10794
3.10909
3.10943
3.11169
3.11349
3.11387
3.11415
3.11432
3.11562
3.11665
3.11812
3.11841
3.11865
3.11877
3.11967
3.12087
3.1209
3.12177
3.1228
3.12285
3.12342
3.12579
3.12582
3.12599
3.12638
3.12657
3.12666
3.12692
3.1276
3.12875
3.12923
3.13034
3.13093
3.13164
3.13165
3.1318
3.13287
3.13332
3.13408
3.13501
3.13502
3.13575
3.1372
3.13763
3.13773
3.13781
3.13842
3.13931
3.14193
3.14272
3.14321
3.14332
3.14386
3.14454
3.14585
3.14688
3.14728
3.14905
3.14956
3.15023
3.15053
3.15274
3.15295
3.15375
3.15441
3.15492
3.15518
3.15641
3.15767
3.15796
3.1589
3.1592
3.16015
3.16102
3.16137
3.16321
3.16327
3.16336
3.16387
3.16515
3.1652
3.16683
3.16694
3.16974
3.17027
3.17064
3.17077
3.17406
3.17411
3.1759
3.1759
3.17911
3.17913
3.17955
3.17974
3.18094
3.18125
3.18162
3.1822
3.18252
3.1835
3.1838
3.18418
3.18434
3.18436
3.18453
3.18468
3.18688
3.18724
3.18768
3.18777
3.18811
3.18822
3.18972
3.19028
3.19046
3.19059
3.19136
3.1936
3.19423
3.1944
3.19445
3.19548
3.19766
3.19977
3.19989
3.20075
3.20082
3.20186
3.20208
3.20277
3.20424
3.20556
3.20581
3.20682
3.20773
3.20851
3.20909
3.20915
3.20967
3.21068
3.21125
3.21147
3.21292
3.21304
3.21316
3.21343
3.21388
3.21464
3.21514
3.21549
3.21623
3.21845
3.21858
3.21871
3.21886
3.21918
3.2205
3.22063
3.22148
3.22278
3.22352
3.22427
3.22427
3.22447
3.22475
3.22517
3.22521
3.22533
3.22537
3.22795
3.22831
3.22833
3.22903
3.22907
3.22919
3.23075
3.23146
3.23208
3.23325
3.23349
3.23375
3.23378
3.23394
3.23464
3.23505
3.23591
3.23742
3.23792
3.23795
3.23802
3.23816
3.23823
3.2384
3.23915
3.24004
3.24223
3.2445
3.24508
3.24575
3.24579
3.24602
3.25138
3.25199
3.2526
3.25376
3.25421
3.25425
3.25429
3.25464
3.25601
3.25645
3.25677
3.25679
3.25688
3.25688
3.25791
3.258
3.25845
3.25892
3.26058
3.26081
3.2613
3.26397
3.26407
3.26418
3.26465
3.266
3.26617
3.26652
3.26695
3.26779
3.26815
3.26853
3.26861
3.26893
3.27031
3.27032
3.2713
3.27154
3.27172
3.272
3.27249
3.27263
3.27312
3.27357
3.27362
3.27367
3.27381
3.27414
3.27443
3.27511
3.27592
3.27607
3.27651
3.28163
3.28363
3.28366
3.28392
3.28427
3.28454
3.28566
3.28707
3.28743
3.28747
3.28774
3.28789
3.28799
3.28832
3.28853
3.28859
3.289
3.2892
3.28984
3.29016
3.2922
3.29262
3.29296
3.2937
3.29412
3.29458
3.29591
3.29612
3.29637
3.29817
3.29863
3.29868
3.29947
3.30005
3.30092
3.30117
3.30222
3.3026
3.30361
3.30614
3.30648
3.30706
3.30788
3.30899
3.30899
3.30959
3.30991
3.31135
3.31411
3.31735
3.31769
3.31781
3.31949
3.3218
3.32191
3.32207
3.32308
3.32315
3.32373
3.32382
3.32389
3.3244
3.32599
3.32773
3.32959
3.32968
3.33058
3.33079
3.33206
3.33208
3.33209
3.33252
3.3334
3.33385
3.33508
3.3378
3.33798
3.33821
3.33886
3.3394
3.33997
3.34012
3.34042
3.34079
3.34169
3.34219
3.34312
3.34359
3.34364
3.34436
3.34541
3.34566
3.34695
3.34781
3.3489
3.349
3.3496
3.34964
3.34992
3.35029
3.35069
3.35103
3.3542
3.35482
3.35565
3.35628
3.35632
3.3579
3.35824
3.35866
3.35868
3.35931
3.35945
3.35976
3.35999
3.36045
3.36086
3.36115
3.36115
3.36159
3.36256
3.36598
3.36622
3.36728
3.36787
3.36867
3.36984
3.37038
3.37039
3.37323
3.37339
3.37339
3.37402
3.37404
3.37431
3.37472
3.3749
3.37565
3.37668
3.37734
3.37986
3.38018
3.38275
3.38379
3.38421
3.38422
3.38441
3.38453
3.38497
3.38591
3.38624
3.38673
3.38759
3.38888
3.3893
3.38989
3.38991
3.39004
3.39006
3.39016
3.39078
3.39142
3.39167
3.39182
3.39196
3.39288
3.39395
3.39406
3.39413
3.39431
3.39441
3.39615
3.39717
3.39864
3.4004
3.40121
3.40152
3.40216
3.40299
3.40351
3.40499
3.40504
3.40625
3.40632
3.4064
3.40806
3.40957
3.40958
3.40998
3.41045
3.41082
3.4115
3.41188
3.41271
3.41292
3.41353
3.41364
3.41501
3.41502
3.41539
3.4157
3.41712
3.41739
3.41912
3.41946
3.42017
3.42037
3.42099
3.42104
3.42116
3.4221
3.42249
3.42323
3.42433
3.42455
3.42465
3.42566
3.42593
3.42596
3.42652
3.42795
3.4281
3.42951
3.43004
3.43067
3.43187
3.43222
3.43266
3.43295
3.4344
3.43464
3.43529
3.43537
3.43627
3.43629
3.43631
3.43863
3.43934
3.43974
3.4401
3.44064
3.4415
3.4425
3.44287
3.44294
3.44322
3.44364
3.44446
3.44559
3.44625
3.44871
3.45073
3.45075
3.4518
3.45297
3.45339
3.45361
3.45429
3.45612
3.45653
3.45672
3.45673
3.45684
3.45764
3.45915
3.46059
3.46445
3.46446
3.46528
3.46537
3.46643
3.4668
3.46754
3.468
3.4683
3.46922
3.46937
3.47042
3.47101
3.47222
3.47583
3.47596
3.47701
3.47713
3.47721
3.47825
3.47869
3.47879
3.47945
3.48068
3.48126
3.4813
3.48166
3.48212
3.48245
3.48335
3.48557
3.48597
3.48712
3.48901
3.48925
3.49034
3.49161
3.49225
3.49448
3.4947
3.4951
3.49865
3.50031
3.50101
3.50355
3.50362
3.50514
3.50538
3.50593
3.50613
3.50683
3.50699
3.50796
3.51072
3.51097
3.51377
3.51415
3.5149
3.51532
3.51536
3.51633
3.51667
3.51736
3.51752
3.518
3.51832
3.51998
3.52121
3.52446
3.52546
3.52759
3.5279
3.52925
3.53012
3.53027
3.5306
3.53322
3.53404
3.53507
3.53653
3.53683
3.53719
3.53851
3.53862
3.53864
3.53948
3.53981
3.54052
3.5411
3.54382
3.54398
3.54412
3.54598
3.54636
3.54815
3.54862
3.5494
3.54942
3.55116
3.55233
3.55286
3.55286
3.55482
3.5562
3.55662
3.55758
3.55911
3.56448
3.5645
3.56501
3.56545
3.56587
3.56679
3.56761
3.5683
3.56875
3.57047
3.57106
3.57136
3.5727
3.57279
3.57293
3.57369
3.574
3.57433
3.57458
3.57476
3.57663
3.57943
3.58124
3.58157
3.58209
3.58255
3.58287
3.58347
3.58404
3.58535
3.58696
3.58803
3.5883
3.58874
3.58892
3.58998
3.59177
3.59378
3.59568
3.59603
3.59675
3.5968
3.59746
3.59773
3.5981
3.59957
3.59997
3.60014
3.60106
3.60107
3.60172
3.60242
3.60266
3.60318
3.60378
3.60447
3.6049
3.60688
3.60803
3.60872
3.61005
3.61078
3.6116
3.61281
3.61395
3.6154
3.61617
3.61668
3.61677
3.61709
3.61716
3.61774
3.61912
3.62183
3.62232
3.62305
3.62365
3.62398
3.62484
3.62531
3.62554
3.6295
3.62951
3.62967
3.63073
3.63214
3.63294
3.63355
3.63387
3.63506
3.63612
3.6362
3.63642
3.63722
3.63759
3.63772
3.63783
3.63861
3.63907
3.6399
3.63995
3.64083
3.64113
3.64126
3.64143
3.64235
3.64246
3.64248
3.6444
3.64777
3.64785
3.64819
3.64978
3.65038
3.65152
3.65229
3.65392
3.65467
3.65474
3.65573
3.65596
3.65935
3.65963
3.66229
3.66265
3.66311
3.66321
3.66385
3.66393
3.66617
3.66658
3.66915
3.67039
3.67118
3.67137
3.6718
3.67414
3.6743
3.67537
3.67657
3.67793
3.68118
3.68211
3.68223
3.68384
3.68497
3.68593
3.68641
3.68706
3.68789
3.68816
3.68821
3.68836
3.6891
3.69027
3.69102
3.69368
3.69431
3.69553
3.69895
3.69956
3.70099
3.70151
3.70237
3.70276
3.7033
3.7036
3.70383
3.70393
3.70396
3.70415
3.70468
3.70652
3.70696
3.70704
3.70715
3.70749
3.70908
3.70974
3.71541
3.71805
3.71923
3.71978
3.72077
3.72089
3.72228
3.72282
3.723
3.7247
3.72572
3.72586
3.72635
3.72757
3.72803
3.72865
3.73118
3.73125
3.73207
3.73348
3.73513
3.73567
3.73572
3.74046
3.74076
3.74114
3.74303
3.74333
3.7434
3.74357
3.74363
3.74386
3.74419
3.74464
3.74521
3.74577
3.74639
3.74648
3.74698
3.74724
3.74862
3.74941
3.74947
3.74949
3.75021
3.75021
3.75059
3.75089
3.75167
3.75198
3.75234
3.75254
3.75316
3.7552
3.75546
3.75587
3.75636
3.75678
3.75769
3.75802
3.75865
3.76022
3.76089
3.76104
3.76144
3.76244
3.76387
3.76672
3.76773
3.7693
3.7697
3.77001
3.77026
3.77263
3.77282
3.77406
3.77408
3.77508
3.77682
3.77704
3.7781
3.77814
3.7807
3.78248
3.7827
3.7827
3.78312
3.78326
3.78336
3.78337
3.78454
3.78615
3.78646
3.78827
3.78992
3.79
3.79033
3.79042
3.79082
3.79093
3.79177
3.79336
3.79363
3.79381
3.79642
3.79649
3.79654
3.79675
3.79775
3.79815
3.79825
3.79839
3.80003
3.80088
3.80129
3.80259
3.8039
3.80454
3.80458
3.80465
3.80471
3.80605
3.80662
3.80716
3.80791
3.80812
3.8084
3.80845
3.80942
3.81204
3.81229
3.81439
3.81466
3.81586
3.81604
3.81687
3.81715
3.81776
3.81856
3.81939
3.82103
3.82111
3.82124
3.82274
3.82337
3.82387
3.82389
3.82426
3.8244
3.82493
3.82742
3.82816
3.83206
3.83311
3.83443
3.83555
3.83691
3.83844
3.8388
3.84066
3.84254
3.84309
3.84435
3.84452
3.84492
3.84658
3.84833
3.84855
3.84879
3.84894
3.84959
3.85204
3.85273
3.85316
3.8534
3.85345
3.85372
3.85399
3.85416
3.85532
3.85552
3.85553
3.8558
3.85602
3.8563
3.85641
3.85693
3.85721
3.85801
3.8583
3.85852
3.86214
3.86336
3.86492
3.86499
3.86522
3.86683
3.86752
3.86878
3.8694
3.86964
3.87051
3.87058
3.87355
3.87536
3.87546
3.8755
3.88131
3.88197
3.88215
3.88442
3.8875
3.89094
3.89185
3.89267
3.89364
3.89456
3.89467
3.895
3.89702
3.8974
3.89809
3.89855
3.89909
3.8991
3.89947
3.90205
3.90471
3.90552
3.90637
3.90655
3.90833
3.90877
3.91061
3.91155
3.91269
3.91383
3.91416
3.91529
3.91668
3.91963
3.92008
3.92084
3.92328
3.92356
3.92418
3.92439
3.92534
3.92569
3.9257
3.92688
3.92988
3.93149
3.9316
3.93383
3.93475
3.93569
3.93573
3.93601
3.93691
3.93693
3.93716
3.93737
3.93824
3.93979
3.94227
3.94274
3.94399
3.94477
3.94644
3.94746
3.94791
3.94802
3.95036
3.95055
3.95091
3.95267
3.9553
3.95771
3.95808
3.95826
3.9609
3.96218
3.96268
3.96293
3.96406
3.96619
3.96644
3.96649
3.96717
3.96866
3.96884
3.96885
3.96889
3.96954
3.97018
3.97062
3.97158
3.97414
3.97585
3.97717
3.97721
3.97734
3.97792
3.97891
3.97917
3.98304
3.98352
3.98385
3.98429
3.98563
3.986
3.98732
3.98783
3.98971
3.9898
3.99562
3.99647
3.99805
3.99817
3.99955
4.00084
4.00101
4.00171
4.00205
4.00317
4.0053
4.00907
4.01007
4.01099
4.0119
4.01265
4.01447
4.01467
4.01487
4.01536
4.01598
4.01617
4.0175
4.01897
4.01949
4.02025
4.02054
4.02277
4.02373
4.02409
4.0244
4.02478
4.02514
4.02602
4.02606
4.02683
4.02776
4.02872
4.02908
4.03019
4.03323
4.03444
4.03556
4.03626
4.03689
4.041
4.04139
4.04238
4.04425
4.04458
4.04549
4.04593
4.04653
4.04654
4.05291
4.05293
4.05317
4.05399
4.0565
4.0582
4.05865
4.05901
4.05971
4.06028
4.06203
4.06257
4.06404
4.06423
4.06457
4.06464
4.06572
4.0661
4.06677
4.06762
4.06914
4.06991
4.07128
4.07194
4.07372
4.07419
4.07781
4.0786
4.08145
4.08157
4.08176
4.08231
4.08379
4.08562
4.08585
4.08754
4.08773
4.08823
4.08853
4.08883
4.0891
4.08941
4.08968
4.09161
4.09199
4.09236
4.09248
4.09498
4.09507
4.09776
4.09819
4.09837
4.0995
4.09982
4.10291
4.10411
4.10417
4.10467
4.10523
4.10527
4.10528
4.10759
4.11002
4.11107
4.11196
4.11223
4.11337
4.11404
4.11925
4.1209
4.12279
4.1241
4.12508
4.12598
4.12631
4.12859
4.1289
4.12939
4.13005
4.13085
4.13183
4.13239
4.13304
4.13333
4.13338
4.13511
4.13545
4.13583
4.13674
4.13684
4.13691
4.13797
4.13828
4.13863
4.14364
4.14408
4.14466
4.14586
4.14701
4.14906
4.14919
4.15038
4.15229
4.15344
4.15429
4.15454
4.15503
4.15684
4.15701
4.15772
4.1584
4.15862
4.1596
4.16191
4.16352
4.1662
4.16633
4.16854
4.16958
4.16982
4.17068
4.17083
4.17132
4.17179
4.17402
4.17535
4.17919
4.18039
4.18178
4.18271
4.183
4.18371
4.1856
4.18627
4.1867
4.19045
4.19066
4.1933
4.19401
4.19503
4.19523
4.1958
4.19942
4.19943
4.19969
4.20035
4.20236
4.20309
4.20367
4.20438
4.20517
4.20595
4.20635
4.20664
4.20685
4.20705
4.20919
4.20968
4.21141
4.21171
4.21309
4.21843
4.21883
4.21985
4.22015
4.2203
4.22127
4.22218
4.22423
4.22462
4.22624
4.22741
4.22933
4.23227
4.23276
4.23396
4.23443
4.23652
4.2377
4.23987
4.24222
4.24571
4.24795
4.25011
4.25107
4.25157
4.25467
4.25627
4.25727
4.25813
4.25833
4.25892
4.25953
4.25974
4.26206
4.26401
4.26674
4.26819
4.26957
4.27046
4.27174
4.27253
4.27282
4.27465
4.27596
4.27613
4.27643
4.27685
4.27987
4.28049
4.28097
4.28208
4.2853
4.28544
4.28869
4.28912
4.28925
4.29158
4.29369
4.29382
4.29449
4.29661
4.29792
4.29889
4.30103
4.30187
4.30562
4.30655
4.30938
4.30966
4.31044
4.31466
4.31496
4.31606
4.3164
4.31655
4.31802
4.31845
4.32116
4.32153
4.32302
4.32518
4.32625
4.32822
4.33179
4.33201
4.33227
4.33431
4.33468
4.33516
4.33634
4.33808
4.33917
4.34076
4.34119
4.34233
4.34473
4.34555
4.34684
4.34687
4.34897
4.34938
4.35203
4.35258
4.35658
4.35822
4.35842
4.35933
4.35956
4.35973
4.36055
4.36115
4.36336
4.36375
4.36403
4.36605
4.36687
4.36979
4.37277
4.37525
4.37684
4.37689
4.37773
4.37851
4.37956
4.38047
4.38418
4.38872
4.39038
4.39057
4.39171
4.39786
4.39967
4.40598
4.40833
4.40877
4.41039
4.41146
4.41268
4.41274
4.41296
4.41542
4.41544
4.41665
4.42003
4.42025
4.42107
4.42109
4.42341
4.42453
4.42693
4.42723
4.42818
4.42829
4.42831
4.42901
4.42944
4.42996
4.43134
4.43387
4.43585
4.43594
4.43673
4.43778
4.43974
4.44135
4.4432
4.44538
4.44887
4.44935
4.45099
4.45179
4.45419
4.45425
4.4548
4.45541
4.45543
4.45623
4.45649
4.4572
4.46095
4.46179
4.46406
4.46419
4.46685
4.46719
4.46983
4.47147
4.47211
4.47346
4.47643
4.47659
4.47773
4.47826
4.48054
4.48061
4.48188
4.48198
4.48423
4.48694
4.49046
4.49054
4.49064
4.49081
4.49139
4.49393
4.4956
4.49713
4.50009
4.50035
4.50121
4.5023
4.50243
4.50334
4.50427
4.50463
4.50779
4.508
4.50865
4.5104
4.5105
4.5105
4.51091
4.51126
4.51255
4.51328
4.51585
4.5164
4.5169
4.51996
4.52109
4.52152
4.52173
4.52179
4.52193
4.52366
4.5261
4.52766
4.52793
4.53186
4.53344
4.53351
4.53988
4.54052
4.54161
4.54218
4.54522
4.54585
4.54592
4.54764
4.54849
4.54904
4.54953
4.54969
4.54971
4.55023
4.55054
4.55055
4.55134
4.55168
4.55291
4.55319
4.55337
4.55405
4.55529
4.5571
4.55724
4.55916
4.57018
4.571
4.57145
4.57285
4.57451
4.57566
4.57616
4.57848
4.57895
4.57932
4.58012
4.5817
4.58173
4.58285
4.58634
4.58723
4.58758
4.58833
4.58876
4.58927
4.59008
4.59315
4.59422
4.59523
4.59775
4.59797
4.59899
4.5992
4.6
4.60013
4.60027
4.60107
4.6011
4.60157
4.60247
4.60319
4.60385
4.60444
4.60878
4.6097
4.6104
4.61061
4.61134
4.61186
4.61243
4.61254
4.61305
4.61324
4.61576
4.61783
4.61955
4.6203
4.62304
4.62363
4.62465
4.62712
4.62859
4.62902
4.62948
4.6298
4.63035
4.63087
4.63117
4.63151
4.63154
4.63237
4.63299
4.63539
4.6359
4.63665
4.63676
4.63709
4.63818
4.6399
4.64031
4.64052
4.6413
4.64149
4.64294
4.64323
4.64453
4.64453
4.64553
4.64593
4.64658
4.64782
4.64792
4.64821
4.6502
4.65104
4.65347
4.6547
4.65531
4.65603
4.65803
4.65804
4.65866
4.65892
4.65938
4.6621
4.66378
4.66426
4.66781
4.66859
4.67152
4.67311
4.6806
4.68331
4.68432
4.68566
4.68671
4.6871
4.68823
4.68847
4.68853
4.69002
4.69206
4.69342
4.69369
4.6939
4.69907
4.6997
4.70047
4.70257
4.70789
4.70896
4.70896
4.70999
4.71114
4.71376
4.71383
4.71608
4.71648
4.71658
4.71764
4.72001
4.72082
4.72108
4.72183
4.72228
4.72331
4.72583
4.72664
4.72961
4.73042
4.73077
4.73347
4.73578
4.73604
4.73662
4.73691
4.73772
4.73862
4.74006
4.74206
4.74253
4.74289
4.74333
4.74339
4.7435
4.74445
4.74621
4.74917
4.74919
4.75033
4.75042
4.75044
4.7515
4.75241
4.75297
4.75544
4.75595
4.75621
4.75692
4.75791
4.75802
4.75874
4.75956
4.76021
4.76028
4.76066
4.76127
4.76154
4.76275
4.76405
4.76528
4.76619
4.76775
4.77121
4.77134
4.77177
4.77423
4.77497
4.77599
4.77624
4.77628
4.77904
4.77939
4.78001
4.78043
4.78055
4.78065
4.78197
4.78324
4.78499
4.7852
4.78545
4.78567
4.78692
4.78692
4.78695
4.78771
4.78778
4.78869
4.79093
4.79259
4.79608
4.79771
4.79855
4.79871
4.79941
4.80033
4.80195
4.80217
4.80437
4.80517
4.80536
4.80551
4.81223
4.81383
4.81665
4.81859
4.81961
4.82029
4.82196
4.82451
4.82489
4.82535
4.82744
4.82841
4.83192
4.83623
4.83685
4.83778
4.84186
4.8436
4.84412
4.84427
4.8464
4.84885
4.84895
4.85229
4.85268
4.8561
4.85708
4.86019
4.86253
4.86426
4.86632
4.86924
4.87151
4.87565
4.87602
4.87861
4.88309
4.88617
4.8878
4.88959
4.89224
4.89287
4.89527
4.89615
4.89634
4.89723
4.89744
4.89754
4.89762
4.89816
4.90119
4.9031
4.90583
4.90856
4.91088
4.91241
4.91528
4.91707
4.91763
4.91858
4.92284
4.9233
4.92806
4.92926
4.9316
4.93186
4.93259
4.93645
4.93719
4.9379
4.93806
4.93905
4.94265
4.94292
4.94355
4.94423
4.94603
4.94627
4.94673
4.94766
4.94768
4.94938
4.94942
4.95102
4.95314
4.95621
4.95764
4.95858
4.95884
4.96222
4.96287
4.96347
4.9653
4.97012
4.97238
4.97241
4.97351
4.97624
4.98168
4.98217
4.98513
4.98789
4.98882
4.98887
4.99171
4.99213
4.99339
4.99369
4.99594
4.99648
5.00034
5.00167
5.00211
5.00728
5.01068
5.01128
5.0124
5.01396
5.01445
5.018
5.02001
5.02123
5.02192
5.02234
5.02362
5.02448
5.02467
5.02478
5.0256
5.02874
5.02903
5.02957
5.03
5.03043
5.03329
5.03509
5.03537
5.037
5.03999
5.04065
5.04152
5.04279
5.04454
5.04548
5.04564
5.04683
5.05369
5.05451
5.0546
5.05477
5.05563
5.05636
5.05657
5.05871
5.06056
5.06116
5.06132
5.06521
5.06679
5.07011
5.0704
5.0711
5.07335
5.07352
5.07548
5.07633
5.07645
5.07682
5.07959
5.08134
5.08147
5.08369
5.08578
5.08744
5.08753
5.08854
5.0903
5.09173
5.09609
5.09828
5.09829
5.10035
5.10101
5.1024
5.10299
5.10352
5.10369
5.1056
5.10585
5.10684
5.10732
5.1079
5.11123
5.11288
5.11678
5.11695
5.11714
5.1183
5.12087
5.12087
5.12113
5.1223
5.12271
5.12338
5.12834
5.13391
5.13598
5.13897
5.13947
5.14304
5.14308
5.14406
5.1442
5.14464
5.14656
5.14765
5.15003
5.15015
5.15304
5.15402
5.15906
5.15995
5.16056
5.16105
5.1619
5.16241
5.163
5.16317
5.16474
5.1651
5.16545
5.1693
5.17267
5.17333
5.17499
5.18127
5.18194
5.18294
5.18565
5.18667
5.18708
5.19019
5.19038
5.19091
5.19404
5.19852
5.20129
5.20276
5.20469
5.20492
5.20635
5.20638
5.20749
5.20858
5.21053
5.2107
5.21564
5.21715
5.21894
5.22116
5.22474
5.22501
5.22674
5.22699
5.23354
5.23397
5.23644
5.23719
5.23949
5.24276
5.24286
5.24582
5.24753
5.25188
5.25685
5.25793
5.26107
5.26187
5.26281
5.26288
5.26753
5.26775
5.26885
5.26937
5.27372
5.28021
5.28144
5.2844
5.28503
5.28507
5.28887
5.29219
5.29333
5.29525
5.29577
5.29846
5.29936
5.3002
5.30097
5.30416
5.30538
5.3059
5.30698
5.30748
5.30771
5.30977
5.31054
5.31132
5.31458
5.31706
5.31758
5.31819
5.32025
5.32271
5.32303
5.32422
5.3264
5.32729
5.32901
5.3303
5.33419
5.33447
5.33547
5.33865
5.34083
5.34117
5.34235
5.3441
5.34634
5.34797
5.34876
5.35127
5.35235
5.3536
5.35373
5.35695
5.36072
5.36337
5.36575
5.36605
5.36646
5.36786
5.36851
5.36949
5.37181
5.37259
5.37513
5.37952
5.38076
5.38318
5.38359
5.3836
5.38369
5.38464
5.38881
5.38966
5.3911
5.39333
5.39353
5.39364
5.39693
5.39808
5.39843
5.40417
5.40771
5.40821
5.40877
5.40938
5.41005
5.41259
5.41385
5.418
5.42392
5.42643
5.42772
5.4279
5.42883
5.43401
5.43926
5.44421
5.44586
5.44597
5.44965
5.45113
5.45201
5.45554
5.46173
5.46378
5.46391
5.46402
5.46417
5.46626
5.46633
5.46744
5.46798
5.46963
5.47176
5.47447
5.47629
5.47659
5.4773
5.47769
5.47779
5.4781
5.47936
5.47983
5.48756
5.48888
5.48945
5.49016
5.4909
5.49134
5.49164
5.49287
5.49385
5.49423
5.49459
5.49808
5.49997
5.50032
5.50128
5.50202
5.50458
5.5057
5.5065
5.51248
5.51303
5.5159
5.51622
5.51783
5.51914
5.52167
5.52184
5.52729
5.52737
5.53138
5.53203
5.53283
5.53682
5.53998
5.54237
5.54582
5.54647
5.54827
5.55486
5.55608
5.55897
5.56002
5.56005
5.56156
5.56442
5.56773
5.56918
5.57016
5.57296
5.57356
5.57974
5.58018
5.58867
5.58905
5.59236
5.59402
5.5962
5.59623
5.59759
5.5988
5.599
5.60098
5.60495
5.60822
5.60861
5.60977
5.6126
5.61263
5.61622
5.62541
5.62858
5.6291
5.62938
5.63021
5.63201
5.63457
5.63702
5.63969
5.64262
5.6448
5.64559
5.64661
5.64699
5.64747
5.64967
5.65242
5.65285
5.6536
5.65513
5.65754
5.66254
5.66292
5.66303
5.66485
5.6661
5.66672
5.66676
5.6671
5.66976
5.67082
5.67355
5.67405
5.67568
5.67622
5.67789
5.67829
5.68188
5.68374
5.68462
5.68477
5.68688
5.68944
5.68991
5.69158
5.69178
5.69238
5.69252
5.69476
5.69494
5.6951
5.69716
5.69972
5.70182
5.70264
5.70479
5.70588
5.71279
5.71362
5.71417
5.71453
5.71463
5.71466
5.71516
5.7212
5.72587
5.73059
5.73338
5.73581
5.73685
5.73943
5.73967
5.74046
5.74097
5.74349
5.74544
5.74744
5.75195
5.75365
5.75371
5.75504
5.75611
5.75731
5.75852
5.7591
5.7608
5.76204
5.76459
5.76536
5.7713
5.77188
5.77245
5.77566
5.776
5.77672
5.78589
5.78665
5.78703
5.78816
5.78871
5.79375
5.79405
5.79592
5.79624
5.79651
5.797
5.8008
5.8019
5.81104
5.81623
5.81763
5.82271
5.8238
5.82505
5.83312
5.83776
5.83854
5.8431
5.84313
5.85007
5.85082
5.85241
5.85285
5.85286
5.85536
5.85765
5.86169
5.86625
5.86678
5.86996
5.87496
5.87557
5.87587
5.87898
5.87921
5.87933
5.88363
5.88385
5.8853
5.8856
5.88592
5.8864
5.88879
5.90011
5.90293
5.90383
5.90421
5.90465
5.90916
5.91007
5.91195
5.91246
5.9139
5.91492
5.91711
5.91841
5.91845
5.92087
5.92763
5.92784
5.92801
5.94032
5.94402
5.94814
5.95141
5.9552
5.95866
5.96065
5.96128
5.96322
5.96421
5.96563
5.96635
5.96892
5.97109
5.97336
5.97343
5.97347
5.9737
5.98076
5.98136
5.98384
5.98501
5.98525
5.98726
5.98731
5.98777
5.9916
5.99201
5.99541
6.00153
6.0025
6.00628
6.00809
6.00881
6.00907
6.01107
6.01131
6.01812
6.01934
6.01998
6.02073
6.02931
6.02941
6.03793
6.04598
6.04777
6.049
6.0505
6.05293
6.05911
6.05921
6.0606
6.06265
6.06286
6.06322
6.0665
6.06885
6.0707
6.07167
6.07215
6.07383
6.07391
6.07705
6.08633
6.08644
6.08796
6.08798
6.09115
6.09204
6.096
6.09648
6.09879
6.1057
6.10765
6.10962
6.11006
6.11053
6.11114
6.11152
6.11744
6.11834
6.11869
6.11925
6.12237
6.12305
6.12656
6.13143
6.13351
6.13366
6.13584
6.13592
6.13714
6.13968
6.14215
6.14329
6.14756
6.15152
6.15434
6.15505
6.15853
6.1598
6.16264
6.16687
6.16989
6.17335
6.17376
6.17691
6.17792
6.18018
6.18085
6.19314
6.1954
6.19909
6.20002
6.20027
6.20333
6.20484
6.20596
6.20802
6.2205
6.22159
6.22516
6.2255
6.23308
6.23453
6.23606
6.2417
6.24338
6.24901
6.25076
6.25407
6.25454
6.25492
6.25956
6.26567
6.27051
6.30659
6.31641
6.31795
6.31892
6.32866
6.32922
6.33658
6.33788
6.33858
6.33871
6.33901
6.34002
6.34003
6.34097
6.34553
6.34837
6.35016
6.35623
6.35742
6.35794
6.35831
6.36145
6.36355
6.36685
6.36911
6.37193
6.37399
6.3756
6.3772
6.37922
6.3822
6.38406
6.38574
6.38712
6.38868
6.39081
6.39532
6.39761
6.39768
6.40008
6.4046
6.41009
6.41372
6.41489
6.41533
6.41639
6.42256
6.42754
6.44314
6.44442
6.45068
6.45927
6.46483
6.46718
6.46766
6.4695
6.47128
6.47345
6.47499
6.48023
6.48331
6.48976
6.49154
6.49682
6.49795
6.5035
6.50806
6.51109
6.51337
6.51667
6.51865
6.52035
6.52824
6.53168
6.53186
6.53534
6.5369
6.54469
6.54837
6.55193
6.55263
6.55518
6.55529
6.55628
6.55654
6.55841
6.55916
6.55968
6.56102
6.56142
6.56198
6.56497
6.56573
6.56685
6.58206
6.58399
6.59647
6.59661
6.59921
6.60264
6.60827
6.61202
6.61299
6.61352
6.61532
6.61954
6.62038
6.62489
6.62899
6.63807
6.63872
6.63916
6.64115
6.64135
6.645
6.64855
6.65117
6.65124
6.65145
6.65245
6.65626
6.65866
6.65979
6.67249
6.67822
6.68036
6.68796
6.68847
6.68897
6.69196
6.69938
6.70115
6.70125
6.70155
6.70676
6.71209
6.71876
6.71888
6.72554
6.73243
6.73522
6.73899
6.74051
6.75014
6.75196
6.75748
6.75921
6.76344
6.76525
6.7685
6.77387
6.77846
6.78173
6.78298
6.78617
6.78906
6.79183
6.79474
6.79604
6.79759
6.8134
6.81445
6.81603
6.83233
6.8332
6.83661
6.83767
6.83773
6.83804
6.84944
6.84969
6.85074
6.8513
6.85411
6.85796
6.8587
6.8589
6.86643
6.87557
6.87558
6.88133
6.88323
6.89041
6.89314
6.89407
6.89709
6.89902
6.9003
6.90057
6.90616
6.91109
6.91275
6.91662
6.92324
6.92866
6.92967
6.93186
6.93787
6.94122
6.94149
6.94391
6.94843
6.95031
6.95091
6.95602
6.95606
6.96697
6.97388
6.97551
6.97601
6.97946
6.98437
6.98657
6.99158
6.9934
6.99573
6.99749
6.99838
6.99983
7.00559
7.0089
7.00929
7.01337
7.01604
7.01862
7.03348
7.03353
7.03395
7.03968
7.04062
7.04456
7.05209
7.05517
7.05593
7.06089
7.06104
7.07118
7.07927
7.07929
7.08112
7.08832
7.08911
7.09009
7.09176
7.09251
7.09628
7.09757
7.10117
7.10182
7.10323
7.11769
7.12111
7.12252
7.1226
7.12267
7.12416
7.12504
7.12591
7.12998
7.1327
7.13918
7.15009
7.16071
7.16148
7.17536
7.17893
7.17985
7.18177
7.18367
7.18601
7.19136
7.19257
7.19754
7.20284
7.20425
7.20955
7.20996
7.2101
7.21079
7.22283
7.22541
7.22756
7.23145
7.23328
7.24348
7.24678
7.25363
7.26486
7.26516
7.27187
7.27526
7.27593
7.27975
7.28459
7.2886
7.29024
7.29578
7.29593
7.29726
7.29749
7.307
7.30735
7.3097
7.31454
7.31601
7.31668
7.31848
7.31939
7.32317
7.32995
7.33071
7.34176
7.34576
7.35588
7.36033
7.36312
7.37295
7.37662
7.38208
7.38267
7.38473
7.38494
7.38674
7.388
7.38964
7.39
7.39065
7.39723
7.40484
7.40934
7.41345
7.42441
7.42924
7.43355
7.43689
7.43874
7.44611
7.45141
7.45351
7.456
7.4584
7.46231
7.47578
7.4788
7.48811
7.48831
7.49913
7.50265
7.50927
7.51239
7.51647
7.51839
7.5241
7.52705
7.53311
7.5355
7.54129
7.54329
7.54796
7.5505
7.55109
7.55548
7.56508
7.56606
7.56674
7.56805
7.57406
7.57643
7.57686
7.5852
7.59199
7.60127
7.60371
7.60655
7.6067
7.61088
7.61277
7.61372
7.61484
7.61714
7.61944
7.62221
7.62895
7.63124
7.6324
7.64217
7.64714
7.65057
7.65609
7.65698
7.66394
7.66929
7.67006
7.67065
7.67703
7.68259
7.68833
7.6917
7.69952
7.69961
7.70786
7.71084
7.71592
7.71837
7.71879
7.72677
7.72691
7.73356
7.7337
7.73795
7.73893
7.7394
7.74637
7.74958
7.75126
7.75363
7.75584
7.75801
7.76234
7.76414
7.77259
7.77345
7.77712
7.7784
7.78714
7.79215
7.79789
7.82554
7.82928
7.83184
7.83222
7.83655
7.83664
7.84431
7.84936
7.85035
7.862
7.86505
7.88443
7.88628
7.89045
7.89433
7.89458
7.90143
7.90682
7.91444
7.91779
7.91979
7.92142
7.92619
7.92756
7.93248
7.93496
7.93981
7.94946
7.95433
7.95491
7.95685
7.9634
7.96534
7.96831
7.96856
7.97473
7.97596
7.97671
7.99831
8.00525
8.006740000000001
8.00985
8.020160000000001
8.021559999999999
8.034470000000001
8.03631
8.039210000000001
8.04135
8.05396
8.06725
8.068530000000001
8.073399999999999
8.075419999999999
8.081720000000001
8.08704
8.08764
8.09637
8.120699999999999
8.12434
8.134029999999999
8.13547
8.140919999999999
8.141830000000001
8.143990000000001
8.15194
8.155889999999999
8.163970000000001
8.17118
8.181240000000001
8.18328
8.18735
8.187609999999999
8.18947
8.193160000000001
8.193339999999999
8.195729999999999
8.20928
8.211
8.216089999999999
8.21635
8.230700000000001
8.23934
8.25154
8.25587
8.25606
8.262169999999999
8.26587
8.26737
8.27393
8.276070000000001
8.28546
8.29219
8.29725
8.298069999999999
8.31283
8.32179
8.32826
8.33145
8.348560000000001
8.35051
8.35239
8.35294
8.35308
8.360060000000001
8.360150000000001
8.36201
8.364140000000001
8.3736
8.387510000000001
8.38753
8.395820000000001
8.40396
8.40794
8.410030000000001
8.41484
8.415749999999999
8.419280000000001
8.419600000000001
8.421810000000001
8.425649999999999
8.42601
8.4275
8.429119999999999
8.43662
8.44631
8.449260000000001
8.47096
8.47827
8.48
8.48068
8.48301
8.49751
8.50465
8.504659999999999
8.50644
8.50737
8.51276
8.512919999999999
8.5252
8.53416
8.53778
8.538489999999999
8.552049999999999
8.56324
8.569000000000001
8.591670000000001
8.59657
8.59755
8.65166
8.65518
8.656790000000001
8.65793
8.66709
8.669840000000001
8.673080000000001
8.67825
8.68399
8.6882
8.69182
8.69294
8.69889
8.70234
8.720750000000001
8.725250000000001
8.728300000000001
8.7295
8.731400000000001
8.733560000000001
8.73846
8.741149999999999
8.741860000000001
8.742990000000001
8.744429999999999
8.747439999999999
8.75272
8.759869999999999
8.766109999999999
8.77196
8.78903
8.79649
8.799480000000001
8.816890000000001
8.8172
8.829980000000001
8.831379999999999
8.83183
8.842750000000001
8.84413
8.84707
8.854810000000001
8.86491
8.86957
8.870279999999999
8.87335
8.876720000000001
8.880509999999999
8.8977
8.89832
8.899760000000001
8.915319999999999
8.921530000000001
8.925039999999999
8.92718
8.9306
8.93192
8.93329
8.94036
8.94187
8.968349999999999
8.975009999999999
8.988049999999999
8.995480000000001
9.00001
9.01136
9.015040000000001
9.01689
9.02224
9.02337
9.0235
9.043839999999999
9.04848
9.05072
9.061970000000001
9.078279999999999
9.07944
9.09179
9.103400000000001
9.12593
9.129659999999999
9.14118
9.15493
9.16751
9.18403
9.185449999999999
9.195740000000001
9.197979999999999
9.202809999999999
9.20486
9.2097
9.21279
9.21454
9.226459999999999
9.229039999999999
9.24108
9.24863
9.25259
9.25747
9.257989999999999
9.26774
9.2684
9.28125
9.28806
9.298830000000001
9.300700000000001
9.30749
9.31317
9.31352
9.33535
9.335850000000001
9.34226
9.3462
9.352449999999999
9.354150000000001
9.361800000000001
9.36262
9.36835
9.37022
9.39551
9.40253
9.403919999999999
9.40423
9.40846
9.418699999999999
9.42008
9.42456
9.438940000000001
9.461130000000001
9.46345
9.469200000000001
9.47105
9.47598
9.485989999999999
9.493069999999999
9.512040000000001
9.516109999999999
9.51802
9.52469
9.533440000000001
9.58991
9.60145
9.60956
9.610910000000001
9.619109999999999
9.63669
9.645799999999999
9.66738
9.66957
9.67862
9.685639999999999
9.6876
9.68801
9.699669999999999
9.720549999999999
9.72617
9.755520000000001
9.76244
9.773250000000001
9.77398
9.780749999999999
9.7812
9.78572
9.80179
9.808439999999999
9.815250000000001
9.83278
9.835419999999999
9.837619999999999
9.85403
9.86096
9.86162
9.870279999999999
9.870509999999999
9.889010000000001
9.89249
9.89443
9.89467
9.91216
9.91577
9.923690000000001
9.92408
9.93581
9.961589999999999
9.9649
9.97015
9.97044
9.97345
9.979559999999999
9.990500000000001
9.99207
9.992900000000001
10.0042
10.0048
10.0082
10.0215
10.0246
10.0381
10.0431
10.0493
10.055
10.0737
10.0844
10.0881
10.0893
10.1037
10.1098
10.1167
10.1362
10.1401
10.1476
10.152
10.1537
10.1691
10.1724
10.1785
10.1789
10.1804
10.1872
10.1954
10.2193
10.2278
10.2508
10.2618
10.2784
10.2787
10.2861
10.2894
10.3014
10.3254
10.3829
10.3914
10.4348
10.4623
10.4699
10.4773
10.4805
10.4813
10.4913
10.4916
10.5023
10.5052
10.5379
10.5501
10.5559
10.5682
10.5736
10.5925
10.6061
10.6181
10.6416
10.6474
10.6482
10.6509
10.6762
10.6823
10.686
10.7175
10.7478
10.7717
10.7906
10.8093
10.8239
10.8267
10.8311
10.837
10.8423
10.8473
10.8521
10.8687
10.8998
10.9106
10.9119
10.9119
10.9125
10.9177
10.9184
10.9317
10.9422
10.9566
10.9844
10.9863
11.0211
11.0296
11.0335
11.0353
11.0556
11.0596
11.0625
11.0644
11.0646
11.0766
11.0995
11.1477
11.1794
11.1802
11.1976
11.2138
11.2268
11.248
11.2529
11.2576
11.2599
11.3049
11.3265
11.3299
11.3399
11.3783
11.3922
11.4191
11.4247
11.4397
11.4413
11.4634
11.4638
11.4666
11.4789
11.4797
11.4918
11.501
11.5505
11.5553
11.6127
11.6664
11.6719
11.6742
11.6897
11.6905
11.7048
11.7168
11.7169
11.7201
11.7214
11.7397
11.764
11.7713
11.7857
11.807
11.8109
11.8179
11.8206
11.8382
11.8413
11.8875
11.9199
11.9388
11.9416
11.9467
12.0122
12.0373
12.0489
12.0773
12.1521
12.1944
12.2127
12.2435
12.2501
12.2635
12.2841
12.3103
12.4062
12.4255
12.4538
12.4643
12.5058
12.5401
12.625
12.6318
12.6488
12.6559
12.6776
12.6779
12.6805
12.7004
12.725
12.7396
12.7402
12.775
12.7825
12.7878
12.8692
12.874
12.8752
12.9134
12.9425
12.9788
13.0082
13.0552
13.138
13.1782
13.2036
13.2444
13.2662
13.2685
13.2816
13.2947
13.3015
13.3371
13.3405
13.353
13.3729
13.3755
13.378
13.424
13.425
13.4659
13.4821
13.5117
13.515
13.5225
13.5741
13.6041
13.6221
13.6741
13.676
13.6764
13.8181
13.86
13.8639
13.8653
13.898
13.9058
13.937
13.9646
13.979
14.0264
14.0386
14.067
14.1975
14.2013
14.22
14.2263
14.3448
14.3837
14.4144
14.422
14.4563
14.5374
14.5547
14.5833
14.6633
14.6827
14.6896
14.6949
14.7035
14.7622
14.78
14.7998
14.8357
14.95
14.977
15.0322
15.0338
15.0822
15.108
15.1182
15.1752
15.2378
15.2421
15.2604
15.3253
15.3852
15.3953
15.3962
15.4336
15.4799
15.5419
15.61
15.6289
15.6534
15.7338
15.7629
15.8256
15.8666
15.8942
15.9492
15.9621
15.9634
16.0118
16.0777
16.1032
16.1186
16.1983
16.2153
16.283
16.2956
16.3231
16.4026
16.4099
16.4156
16.4543
16.6097
16.645
16.6497
16.7587
16.8742
16.9335
16.9342
17.0469
17.1304
17.1663
17.1936
17.2745
17.3138
17.3605
17.3751
17.3783
17.3996
17.5006
17.6015
17.6134
17.6579
17.692
17.7976
17.825
17.9867
18.0329
18.055
18.071
18.0749
18.2867
18.3302
18.3901
18.3936
18.417
18.4233
18.4353
18.4712
18.4811
18.5875
18.6323
18.6461
18.7
18.8435
18.8666
18.9876
19.0206
19.0402
19.0759
19.1884
19.2003
19.252
19.323
19.3416
19.601
19.6285
19.6337
19.7043
19.7704
19.7938
20.4003
20.4898
20.8459
20.9933
21.0157
21.077
21.1676
21.169
21.1986
21.2316
21.371
21.585
21.6302
21.7612
21.7881
21.9449
21.9596
22.0295
22.1032
22.2633
22.3007
22.5249
22.5633
22.7908
22.9565
23.0503
23.0852
23.2989
23.4153
23.4313
23.4314
23.6821
23.7179
23.8307
24.0143
24.2381
24.2857
24.7014
24.7237
24.8104
25.0767
25.4004
25.5003
26.2806
26.7291
26.814
26.8179
27.3194
27.5152
27.561
27.965
28.722
28.8026
28.8515
29.6158
30.235
30.6115
31.5668
32.0582
32.621
32.6525
32.985
33.2867
33.7987
34.1343
34.9012
36.0706
36.1271
36.4241
36.6073
38.8706
39.6589
42.5391
45.4359
50.7918
134.347
